6 0.028125 0.7984375 0.025 0.02734375
13 0.11328125 0.60703125 0.02734375 0.02890625
12 0.209375 0.60859375 0.0171875 0.02109375
12 0.028125 0.54921875 0.01796875 0.0265625
11 0.36015625 0.6953125 0.0453125 0.034375
12 0.21640625 0.53125 0.015625 0.0171875
13 0.44609375 0.69453125 0.02734375 0.021875
12 0.44296875 0.73125 0.01640625 0.025
15 0.44296875 0.696875 0.0953125 0.17265625
13 0.69609375 0.6828125 0.01640625 0.028125
13 0.528125 0.784375 0.04140625 0.03046875
13 0.5453125 0.74453125 0.009375 0.01484375