16 0.91328125 0.75625 0.04921875 0.0546875
16 0.9015625 0.54140625 0.03828125 0.034375
16 0.90859375 0.50703125 0.04453125 0.034375
16 0.53828125 0.8015625 0.046875 0.0296875
0 0.5921875 0.8296875 0.01328125 0.0234375
16 0.4 0.66640625 0.01953125 0.07109375
16 0.42109375 0.5296875 0.0265625 0.01875
16 0.27578125 0.68984375 0.0234375 0.03125
6 0.36640625 0.921875 0.0359375 0.03046875
16 0.45859375 0.73671875 0.0390625 0.0359375
11 0.35 0.78359375 0.065625 0.04453125
11 0.1484375 0.68203125 0.025 0.0390625
16 0.2171875 0.8296875 0.01953125 0.04296875
16 0.64453125 0.5296875 0.053125 0.03203125
16 0.6859375 0.51796875 0.02890625 0.0234375
16 0.421875 0.63046875 0.01640625 0.025
16 0.2984375 0.61953125 0.02734375 0.02265625
16 0.39140625 0.565625 0.03984375 0.040625