13 0.0578125 0.27578125 0.015625 0.015625
11 0.453125 0.546875 0.033984375 0.022265625
11 0.47734375 0.55078125 0.020703125 0.033203125
10 0.6921875 0.56640625 0.021484375 0.0203125
10 0.8046875 0.5171875 0.031640625 0.01875
13 0.5515625 0.471875 0.015625 0.01796875
10 0.57421875 0.33203125 0.0296875 0.033203125
0 0.51484375 0.3125 0.007421875 0.009375
13 0.55625 0.4296875 0.01328125 0.012890625
13 0.47890625 0.49765625 0.01171875 0.015625
12 0.68359375 0.53515625 0.0125 0.0109375
10 0.98046875 0.5609375 0.02265625 0.02265625
11 0.43125 0.546875 0.01640625 0.025