13 0.06796875 0.6953125 0.06875 0.07578125
6 0.5375 0.8265625 0.10546875 0.09140625
6 0.44921875 0.7609375 0.0453125 0.06953125
13 0.45859375 0.83125 0.028125 0.03515625
13 0.19453125 0.74921875 0.06953125 0.07578125
13 0.13984375 0.73046875 0.02421875 0.0171875
13 0.01875 0.7 0.03515625 0.03203125
6 0.15546875 0.8671875 0.03203125 0.02421875
10 0.16015625 0.89375 0.0734375 0.07890625
3 0.26328125 0.7890625 0.04609375 0.059375
10 0.25234375 0.85703125 0.15078125 0.0953125
6 0.3265625 0.85859375 0.0421875 0.0484375
6 0.303125 0.8015625 0.09375 0.078125
13 0.36484375 0.8140625 0.053125 0.04609375
10 0.3796875 0.771875 0.0609375 0.03203125
6 0.290625 0.6375 0.034375 0.03515625
13 0.21640625 0.459375 0.025 0.02578125
6 0.25625 0.4578125 0.028125 0.01796875
0 0.38671875 0.7 0.015625 0.01796875
0 0.4078125 0.75703125 0.015625 0.0203125
13 0.3875 0.51796875 0.0390625 0.03671875
10 0.35703125 0.6015625 0.0625 0.05078125
6 0.45546875 0.503125 0.05234375 0.03984375
16 0.74765625 0.50078125 0.08359375 0.0578125
6 0.68359375 0.5140625 0.03671875 0.053125
13 0.8265625 0.428125 0.03671875 0.040625
6 0.78046875 0.4546875 0.08125 0.0609375
13 0.79375 0.503125 0.03046875 0.03515625
6 0.71484375 0.4203125 0.0578125 0.04609375
12 0.78125 0.4171875 0.021875 0.02734375
6 0.853125 0.3421875 0.02265625 0.02421875
6 0.8796875 0.34921875 0.02109375 0.0234375
11 0.94375 0.67265625 0.03515625 0.06640625
11 0.94609375 0.81875 0.04453125 0.075
11 0.94765625 0.78828125 0.03984375 0.0640625
12 0.8953125 0.6890625 0.03515625 0.04453125
13 0.88984375 0.66484375 0.02578125 0.0234375
0 0.965625 0.71875 0.01328125 0.0203125
0 0.96875 0.6546875 0.0140625 0.01875
0 0.9015625 0.60625 0.015625 0.02265625
6 0.95625 0.5875 0.0875 0.053125
6 0.97265625 0.50390625 0.03125 0.0328125
6 0.96875 0.44296875 0.06171875 0.059375
6 0.88828125 0.434375 0.0734375 0.04609375
13 0.79609375 0.87421875 0.04296875 0.04296875
6 0.946875 0.9375 0.01484375 0.02734375
16 0.87109375 0.875 0.1515625 0.15546875
6 0.9796875 0.36875 0.03828125 0.03671875
6 0.89453125 0.39609375 0.025 0.0265625
13 0.8625 0.38984375 0.03125 0.02734375
13 0.85546875 0.409375 0.0375 0.025
6 0.76328125 0.39375 0.02421875 0.02265625
6 0.69609375 0.32578125 0.02265625 0.0234375
6 0.74296875 0.3296875 0.0421875 0.025
6 0.728125 0.3890625 0.03671875 0.03125
6 0.60625 0.47890625 0.053125 0.05546875
10 0.49765625 0.55390625 0.04140625 0.0484375
13 0.46484375 0.58671875 0.02109375 0.03515625
6 0.43046875 0.65546875 0.05703125 0.0734375
6 0.27109375 0.73671875 0.0609375 0.04375
6 0.29921875 0.7453125 0.04765625 0.028125
6 0.1953125 0.87890625 0.0203125 0.0375
6 0.30703125 0.61328125 0.03984375 0.04609375
15 0.509375 0.62578125 0.1234375 0.1203125
0 0.5734375 0.69921875 0.015625 0.025
13 0.709375 0.8703125 0.0234375 0.0484375
13 0.63671875 0.75703125 0.0203125 0.02734375
13 0.6375 0.70703125 0.02265625 0.0234375
13 0.73125 0.76953125 0.0296875 0.0328125
15 0.659375 0.8390625 0.12109375 0.2046875
15 0.4125 0.5609375 0.059375 0.0703125
6 0.4390625 0.58203125 0.01796875 0.03125
6 0.4203125 0.6 0.053125 0.0375
6 0.4109375 0.60859375 0.0140625 0.01796875
6 0.40625 0.71640625 0.0328125 0.0359375
6 0.37109375 0.73671875 0.08203125 0.04609375
6 0.3625 0.75234375 0.02109375 0.03203125