11 0.45390625 0.4546875 0.035546875 0.025390625
11 0.47890625 0.453125 0.0265625 0.033984375
11 0.43203125 0.45390625 0.017578125 0.023828125
10 0.69296875 0.4390625 0.0203125 0.0203125
10 0.1234375 0.7921875 0.03828125 0.02890625
10 0.8078125 0.48828125 0.03046875 0.01953125
10 0.984375 0.4453125 0.022265625 0.024609375
10 0.575 0.66875 0.02578125 0.028125
13 0.55234375 0.53671875 0.020703125 0.026953125
11 0.753125 0.56796875 0.034765625 0.0203125
13 0.4796875 0.5046875 0.00859375 0.01015625
10 0.6640625 0.6546875 0.018359375 0.02109375
13 0.5578125 0.571875 0.0140625 0.01328125
12 0.44296875 0.665625 0.0109375 0.0125
0 0.5125 0.6890625 0.008984375 0.012109375
13 0.0546875 0.725 0.01484375 0.01640625
11 0.42109375 0.45390625 0.016796875 0.015625