13 0.09375 0.30234375 0.037890625 0.036328125
13 0.14296875 0.30625 0.064453125 0.071875
13 0.209375 0.2671875 0.022265625 0.019140625
3 0.33359375 0.2078125 0.044921875 0.05234375
13 0.2703125 0.25 0.06640625 0.06796875
12 0.85859375 0.5625 0.021875 0.02734375
13 0.859375 0.5265625 0.077734375 0.056640625
12 0.9578125 0.2859375 0.0296875 0.03828125
13 0.8703125 0.103125 0.0375 0.03671875
0 0.48203125 0.23828125 0.013671875 0.015625
13 0.4625 0.46953125 0.03671875 0.032421875
11 0.05546875 0.11875 0.07421875 0.03984375
16 0.95546875 0.06328125 0.0890625 0.10390625
16 0.89375 0.1359375 0.078515625 0.08515625