3 0.05703125 0.81640625 0.0484375 0.053125
6 0.0984375 0.825 0.09453125 0.08984375
0 0.2015625 0.77265625 0.01484375 0.01875
6 0.2453125 0.78046875 0.05546875 0.065625
15 0.290625 0.67109375 0.12421875 0.13203125
6 0.34140625 0.82421875 0.1015625 0.0828125
15 0.46640625 0.82265625 0.11875 0.19921875
13 0.51484375 0.8453125 0.02265625 0.05078125
13 0.60078125 0.8390625 0.034375 0.0390625
16 0.66015625 0.83828125 0.1328125 0.12578125
11 0.73515625 0.76796875 0.03828125 0.0625
11 0.73671875 0.74453125 0.0328125 0.059375
12 0.6984375 0.66015625 0.03125 0.03828125
11 0.73515625 0.63203125 0.03125 0.05859375
6 0.75859375 0.6984375 0.084375 0.0390625
6 0.7484375 0.88515625 0.01328125 0.01953125
0 0.759375 0.6125 0.0109375 0.0140625
0 0.71171875 0.5734375 0.0125 0.01796875
0 0.76875 0.67109375 0.0109375 0.01328125
6 0.54140625 0.81171875 0.0375 0.0375
16 0.5359375 0.4828125 0.0734375 0.059375
6 0.56875 0.43359375 0.075 0.0515625
12 0.571875 0.39375 0.01953125 0.02734375
6 0.615625 0.40703125 0.034375 0.034375
0 0.84296875 0.4578125 0.0125 0.015625
13 0.75390625 0.4640625 0.02265625 0.028125
10 0.79609375 0.484375 0.04921875 0.0609375
6 0.75078125 0.40625 0.07109375 0.053125
13 0.81640625 0.38125 0.02890625 0.02265625
12 0.821875 0.36484375 0.01875 0.02109375
12 0.9046875 0.4484375 0.02734375 0.0296875
13 0.93984375 0.54765625 0.053125 0.0421875
13 0.9890625 0.68125 0.02109375 0.05
13 0.8921875 0.659375 0.03125 0.03515625
11 0.9328125 0.7171875 0.0375 0.059375
6 0.8578125 0.653125 0.02109375 0.02734375
6 0.8734375 0.61171875 0.03125 0.0328125
6 0.90625 0.62890625 0.0390625 0.0359375
6 0.8421875 0.4109375 0.06953125 0.04453125
16 0.96171875 0.2578125 0.0765625 0.0265625
10 0.50703125 0.403125 0.05625 0.03359375
10 0.4 0.471875 0.04765625 0.04921875
10 0.3 0.5109375 0.03125 0.0484375
10 0.0671875 0.56875 0.07734375 0.08984375
10 0.04765625 0.8828125 0.09453125 0.090625
13 0.14921875 0.83359375 0.0265625 0.0296875
10 0.17265625 0.78828125 0.06171875 0.03046875
6 0.22421875 0.66328125 0.0625 0.08046875
6 0.246875 0.50234375 0.0515625 0.0453125
6 0.2828125 0.49609375 0.02109375 0.02421875
10 0.27421875 0.45078125 0.0875 0.034375
6 0.27734375 0.46015625 0.028125 0.028125
10 0.840625 0.64921875 0.05390625 0.07890625
15 0.86953125 0.7953125 0.24296875 0.17890625
16 0.80078125 0.12890625 0.04765625 0.08203125