3 0.05703125 0.18359375 0.0484375 0.053125
6 0.0984375 0.175 0.09453125 0.08984375
0 0.2015625 0.22734375 0.01484375 0.01875
6 0.2453125 0.21953125 0.055859375 0.065625
15 0.290625 0.32890625 0.124609375 0.132421875
6 0.34140625 0.17578125 0.1015625 0.0828125
15 0.46640625 0.17734375 0.11875 0.198828125
13 0.51484375 0.1546875 0.023046875 0.050390625
13 0.60078125 0.1609375 0.034375 0.03984375
16 0.66015625 0.16171875 0.1328125 0.126171875
11 0.73515625 0.23203125 0.038671875 0.0625
11 0.73671875 0.25546875 0.0328125 0.059375
12 0.6984375 0.33984375 0.03125 0.038671875
11 0.73515625 0.36796875 0.03125 0.058203125
6 0.75859375 0.3015625 0.084375 0.03984375
6 0.7484375 0.11484375 0.012890625 0.019921875
0 0.759375 0.3875 0.0109375 0.0140625
0 0.71171875 0.4265625 0.0125 0.018359375
0 0.76875 0.32890625 0.0109375 0.01328125
6 0.54140625 0.18828125 0.0375 0.0375
16 0.5359375 0.5171875 0.07265625 0.059375
6 0.56875 0.56640625 0.075 0.0515625
12 0.571875 0.60625 0.019140625 0.027734375
6 0.615625 0.59296875 0.034375 0.034375
0 0.84296875 0.5421875 0.0125 0.015625
13 0.75390625 0.5359375 0.023046875 0.028125
10 0.79609375 0.515625 0.04921875 0.0609375
6 0.75078125 0.59375 0.070703125 0.053125
13 0.81640625 0.61875 0.029296875 0.022265625
12 0.821875 0.63515625 0.01875 0.020703125
12 0.9046875 0.5515625 0.027734375 0.02890625
13 0.93984375 0.45234375 0.053125 0.0421875
13 0.9890625 0.31875 0.021484375 0.05
13 0.8921875 0.340625 0.03125 0.034765625
11 0.9328125 0.2828125 0.0375 0.059375
6 0.8578125 0.346875 0.021484375 0.027734375
6 0.8734375 0.38828125 0.03125 0.0328125
6 0.90625 0.37109375 0.03828125 0.0359375
6 0.8421875 0.5890625 0.069140625 0.044140625
16 0.96171875 0.7421875 0.0765625 0.02734375
10 0.50703125 0.596875 0.05625 0.03359375
10 0.4 0.528125 0.047265625 0.049609375
10 0.3 0.4890625 0.03125 0.04765625
10 0.0671875 0.43125 0.07734375 0.08984375
10 0.04765625 0.1171875 0.094921875 0.090625
13 0.14921875 0.16640625 0.0265625 0.0296875
10 0.17265625 0.21171875 0.061328125 0.030078125
6 0.22421875 0.33671875 0.0625 0.080078125
6 0.246875 0.49765625 0.05078125 0.0453125
6 0.2828125 0.50390625 0.021484375 0.023828125
10 0.27421875 0.54921875 0.0875 0.034375
6 0.27734375 0.53984375 0.028125 0.028125
10 0.840625 0.35078125 0.053515625 0.079296875
15 0.86953125 0.2046875 0.242578125 0.178515625
16 0.80078125 0.87109375 0.048046875 0.082421875