13 0.046875 0.73203125 0.015625 0.015625
10 0.4078125 0.475 0.0328125 0.0171875
11 0.4171875 0.46640625 0.0203125 0.015625
11 0.43046875 0.46796875 0.01796875 0.0234375
11 0.45234375 0.46875 0.034375 0.03046875
11 0.47734375 0.46953125 0.02578125 0.03359375
13 0.55 0.5515625 0.02109375 0.02734375
0 0.5078125 0.7046875 0.00859375 0.0109375
13 0.47578125 0.51953125 0.00625 0.0109375
10 0.690625 0.45625 0.01796875 0.0203125
10 0.80625 0.5078125 0.0328125 0.0171875
11 0.75234375 0.5875 0.0375 0.02265625
10 0.7796875 0.6015625 0.0265625 0.0171875
10 0.64296875 0.56640625 0.0234375 0.02109375
13 0.55234375 0.5890625 0.0140625 0.01484375
12 0.6859375 0.48515625 0.01171875 0.0109375
13 0.64296875 0.44609375 0.01328125 0.01171875
10 0.98515625 0.4671875 0.0234375 0.021875
10 0.56875 0.68671875 0.028125 0.02734375
10 0.65859375 0.67265625 0.01875 0.0234375
12 0.4359375 0.68046875 0.01015625 0.015625