6 0.41640625 0.540625 0.0625 0.06640625
6 0.47421875 0.646875 0.0609375 0.04140625
6 0.515625 0.58359375 0.01875 0.021875
6 0.50078125 0.3125 0.03359375 0.03046875
6 0.40234375 0.2890625 0.03984375 0.02890625
6 0.60546875 0.30625 0.03828125 0.02578125
6 0.7421875 0.47578125 0.02109375 0.02578125
6 0.87734375 0.4828125 0.04375 0.0390625
6 0.82421875 0.53046875 0.03671875 0.0359375
6 0.675 0.5828125 0.02265625 0.02109375
6 0.23671875 0.5265625 0.0640625 0.0421875
6 0.26484375 0.4734375 0.04296875 0.040625
6 0.159375 0.4296875 0.040625 0.02890625
6 0.13125 0.465625 0.04296875 0.046875
6 0.06484375 0.428125 0.0296875 0.02578125
13 0.03046875 0.78125 0.04765625 0.0390625
13 0.1078125 0.89453125 0.04375 0.05390625
13 0.1703125 0.90859375 0.0421875 0.0484375
13 0.340625 0.72734375 0.03984375 0.0421875
6 0.33359375 0.7125 0.02265625 0.0265625
10 0.325 0.6953125 0.06171875 0.04921875
10 0.36328125 0.625 0.04609375 0.0546875
12 0.39296875 0.6203125 0.025 0.025
6 0.43046875 0.73359375 0.028125 0.0359375
13 0.48125 0.71015625 0.0203125 0.028125
12 0.5640625 0.6125 0.02578125 0.0234375
6 0.59375 0.4890625 0.02109375 0.02109375
10 0.578125 0.5515625 0.0578125 0.03828125
10 0.4953125 0.38671875 0.053125 0.0421875
0 0.27109375 0.7078125 0.0109375 0.01640625
0 0.2875 0.6890625 0.015625 0.0171875
0 0.21953125 0.57734375 0.0109375 0.0125
12 0.26328125 0.62109375 0.0234375 0.025
11 0.2765625 0.74296875 0.02109375 0.03984375
13 0.7234375 0.71015625 0.053125 0.028125
13 0.78984375 0.5265625 0.0296875 0.0171875
6 0.9203125 0.35703125 0.05234375 0.02890625
13 0.9359375 0.31015625 0.02265625 0.01953125
10 0.765625 0.37734375 0.0765625 0.0859375
16 0.7125 0.3640625 0.07734375 0.03515625
13 0.65859375 0.3734375 0.01875 0.01796875
13 0.6125 0.384375 0.01640625 0.0203125
11 0.04453125 0.96171875 0.03828125 0.0671875
11 0.1703125 0.54296875 0.025 0.0515625
11 0.18203125 0.553125 0.028125 0.05078125
12 0.646875 0.51328125 0.021875 0.01875
6 0.715625 0.4015625 0.0140625 0.01875
6 0.78046875 0.32578125 0.04765625 0.028125
0 0.3484375 0.42421875 0.01015625 0.0125
16 0.05859375 0.47890625 0.09140625 0.05625
6 0.38828125 0.3296875 0.0125 0.0109375
6 0.44140625 0.65859375 0.01640625 0.01640625
13 0.75625 0.265625 0.02421875 0.0203125
6 0.771875 0.2890625 0.01875 0.01953125
6 0.87890625 0.39765625 0.01875 0.01875
6 0.896875 0.38359375 0.01484375 0.0171875
10 0.22578125 0.95 0.0703125 0.1
10 0.15859375 0.97890625 0.08046875 0.04140625
6 0.015625 0.8828125 0.03046875 0.04609375
13 0.990625 0.39140625 0.01875 0.025
13 0.98359375 0.37734375 0.0328125 0.02109375
6 0.00703125 0.50859375 0.0140625 0.0171875
6 0.0421875 0.496875 0.02578125 0.0171875
6 0.0359375 0.4140625 0.01796875 0.01640625
6 0.1125 0.44140625 0.015625 0.02265625
13 0.0390625 0.8609375 0.01875 0.01875
6 0.05078125 0.88515625 0.021875 0.01640625
13 0.084375 0.7265625 0.01953125 0.0171875