8 0.784375 0.52734375 0.024609375 0.05625
8 0.771875 0.53515625 0.028515625 0.0515625
6 0.82265625 0.4484375 0.0421875 0.044140625
6 0.8890625 0.4109375 0.03125 0.0234375
6 0.79375 0.41171875 0.040625 0.0296875
6 0.7171875 0.51015625 0.06015625 0.039453125
6 0.6890625 0.45625 0.041015625 0.037109375
0 0.734375 0.56015625 0.012109375 0.013671875
9 0.846875 0.871875 0.041015625 0.046484375
3 0.78359375 0.8828125 0.040625 0.0375
9 0.925 0.75546875 0.05546875 0.0390625
9 0.95234375 0.89375 0.032421875 0.028125
8 0.90703125 0.934375 0.035546875 0.06171875
7 0.946875 0.8578125 0.03828125 0.040625
9 0.953125 0.6671875 0.028515625 0.028125
6 0.9734375 0.39609375 0.05234375 0.03125
16 0.89296875 0.459375 0.0890625 0.058984375
9 0.86796875 0.7046875 0.019921875 0.01484375
10 0.78671875 0.9671875 0.098828125 0.065625
7 0.72890625 0.93359375 0.071875 0.110546875
11 0.6796875 0.721875 0.021484375 0.044140625
0 0.68515625 0.68984375 0.013671875 0.019921875
9 0.72109375 0.68125 0.0109375 0.012890625
0 0.66875 0.6703125 0.015625 0.02109375
6 0.68125 0.6609375 0.025390625 0.025
12 0.6921875 0.6046875 0.02265625 0.028125
6 0.621875 0.696875 0.01875 0.024609375
10 0.62578125 0.675 0.053125 0.04453125
13 0.61484375 0.71015625 0.04375 0.0359375
10 0.5921875 0.6109375 0.040625 0.05
12 0.56328125 0.603125 0.02265625 0.02890625
6 0.5375 0.52578125 0.059765625 0.0578125
6 0.48046875 0.63046875 0.0578125 0.038671875
6 0.51328125 0.64296875 0.0140625 0.01484375
13 0.47578125 0.69375 0.0203125 0.0265625
6 0.52578125 0.71484375 0.030078125 0.0359375
12 0.39140625 0.59609375 0.02265625 0.02421875
6 0.440625 0.5671875 0.016015625 0.019140625
10 0.3796875 0.5375 0.05625 0.040625
12 0.30859375 0.4984375 0.0203125 0.02109375
6 0.28046875 0.56796875 0.02109375 0.01484375
6 0.2140625 0.4640625 0.018359375 0.02109375
6 0.22578125 0.59609375 0.015625 0.011328125
6 0.3625 0.47109375 0.02265625 0.021875
6 0.13125 0.51796875 0.034375 0.0375
6 0.078125 0.47109375 0.046875 0.035546875
6 0.0328125 0.34375 0.053125 0.02578125
6 0.175 0.3109375 0.04921875 0.031640625
10 0.1890625 0.36328125 0.07578125 0.08046875
16 0.24375 0.34921875 0.078125 0.034375
13 0.29765625 0.36015625 0.019921875 0.015625
13 0.34296875 0.3703125 0.016796875 0.018359375
13 0.01796875 0.29765625 0.021875 0.01875
6 0.35 0.2921875 0.037109375 0.024609375
6 0.45546875 0.29921875 0.03359375 0.0296875
10 0.46171875 0.37265625 0.055078125 0.051171875
6 0.553125 0.275 0.040234375 0.025
6 0.965625 0.4578125 0.01796875 0.01875
6 0.94609375 0.48984375 0.01875 0.019921875
6 0.92578125 0.434375 0.0203125 0.01953125
6 0.98671875 0.4765625 0.019921875 0.01640625
9 0.91328125 0.834375 0.017578125 0.01875
7 0.978125 0.85234375 0.037109375 0.032421875
9 0.98828125 0.903125 0.021875 0.021875
6 0.9546875 0.5625 0.024609375 0.01953125
9 0.9640625 0.76015625 0.027734375 0.023046875
13 0.23203125 0.696875 0.054296875 0.028125
13 0.165625 0.5140625 0.0296875 0.02109375
6 0.0765625 0.384375 0.01484375 0.01484375
6 0.0578125 0.37109375 0.015234375 0.014453125
13 0.1984375 0.25078125 0.025 0.0203125