13 0.025 0.7609375 0.0203125 0.021875
13 0.05 0.93359375 0.0421875 0.05
13 0.1140625 0.94140625 0.04296875 0.03828125
6 0.071875 0.4953125 0.046875 0.0515625
6 0.103125 0.45859375 0.04296875 0.02734375
11 0.11328125 0.57421875 0.025 0.05390625
11 0.125 0.58203125 0.02734375 0.05390625
0 0.1640625 0.60625 0.0125 0.01484375
0 0.21640625 0.7390625 0.0109375 0.0140625
0 0.2328125 0.71875 0.01484375 0.01796875
12 0.209375 0.65234375 0.021875 0.02578125
11 0.22109375 0.775 0.02421875 0.04140625
13 0.28515625 0.7546875 0.04453125 0.03984375
6 0.27890625 0.74296875 0.01875 0.02578125
6 0.17890625 0.5546875 0.0609375 0.04453125
6 0.2078125 0.5 0.04296875 0.03984375
6 0.3609375 0.56796875 0.0609375 0.0578125
10 0.43984375 0.40859375 0.05703125 0.0390625
6 0.41953125 0.67421875 0.059375 0.03671875
12 0.51015625 0.6375 0.02421875 0.025
12 0.59140625 0.5359375 0.02109375 0.01875
6 0.5515625 0.33125 0.0375 0.02265625
13 0.603125 0.3953125 0.01796875 0.0203125
13 0.55703125 0.40859375 0.015625 0.01953125
13 0.7328125 0.54765625 0.02734375 0.02734375
6 0.7671875 0.5515625 0.03203125 0.03515625
10 0.7109375 0.40078125 0.075 0.08125
16 0.65703125 0.38515625 0.071875 0.03515625
6 0.721875 0.34765625 0.04765625 0.028125
6 0.8609375 0.37578125 0.053125 0.03203125
13 0.87578125 0.3296875 0.02109375 0.01953125
6 0.68515625 0.5 0.0171875 0.02421875
6 0.61953125 0.60546875 0.01875 0.0140625
10 0.521875 0.57578125 0.0546875 0.04140625
6 0.5390625 0.51171875 0.0234375 0.021875
6 0.375 0.76015625 0.02890625 0.03359375
12 0.33828125 0.6453125 0.02265625 0.02890625
10 0.309375 0.65234375 0.04140625 0.0484375
6 0.4609375 0.609375 0.01796875 0.01953125
13 0.42578125 0.7359375 0.02109375 0.02890625
6 0.44609375 0.33671875 0.03203125 0.03203125
6 0.346875 0.315625 0.03828125 0.0265625
10 0.2734375 0.72109375 0.05234375 0.0421875
13 0.66796875 0.7328125 0.053125 0.03203125
6 0.81875 0.503125 0.04375 0.03515625
6 0.659375 0.42421875 0.01484375 0.01484375
6 0.3875 0.6859375 0.0140625 0.01875
16 0.0203125 0.49921875 0.040625 0.04375
6 0.3328125 0.3546875 0.01484375 0.0171875
13 0.93046875 0.4109375 0.0203125 0.028125
13 0.92890625 0.39921875 0.04609375 0.03203125