10 0.7921875 0.86328125 0.091015625 0.0890625
6 0.76171875 0.8734375 0.030078125 0.03125
0 0.79140625 0.87890625 0.010546875 0.016796875
13 0.75703125 0.75390625 0.01875 0.02421875
13 0.73125 0.7625 0.04296875 0.05
10 0.72265625 0.64921875 0.0375 0.063671875
11 0.64609375 0.8046875 0.038671875 0.062109375
13 0.6203125 0.70546875 0.03984375 0.0390625
13 0.66953125 0.70859375 0.014453125 0.013671875
6 0.5671875 0.7390625 0.027734375 0.021484375
6 0.52265625 0.740625 0.038671875 0.0375
3 0.5453125 0.65625 0.01875 0.03046875
13 0.5359375 0.69921875 0.01640625 0.020703125
6 0.55546875 0.69453125 0.023828125 0.0171875
6 0.5453125 0.67890625 0.040234375 0.038671875
0 0.53046875 0.625 0.007421875 0.008984375
6 0.51875 0.6203125 0.01796875 0.028125
6 0.50078125 0.640625 0.045703125 0.03125
12 0.4265625 0.546875 0.012109375 0.01875
13 0.640625 0.5765625 0.024609375 0.01875
6 0.60390625 0.5609375 0.023828125 0.02109375
10 0.61796875 0.59609375 0.040625 0.03125
15 0.60234375 0.5796875 0.028125 0.03046875
6 0.553125 0.53203125 0.028125 0.02109375
12 0.5453125 0.4640625 0.01015625 0.01328125
15 0.53046875 0.48359375 0.053125 0.045703125
6 0.6515625 0.7359375 0.01484375 0.015234375
10 0.58046875 0.72890625 0.057421875 0.0625
15 0.45703125 0.64609375 0.1 0.098828125
13 0.39609375 0.621875 0.0109375 0.01171875
16 0.36640625 0.61328125 0.0890625 0.041796875
11 0.3546875 0.5640625 0.019140625 0.033984375
11 0.35234375 0.5546875 0.015625 0.028125
13 0.32734375 0.57890625 0.025 0.0203125
6 0.3125 0.58125 0.01328125 0.01953125
10 0.28984375 0.534375 0.036328125 0.030859375
6 0.23125 0.47734375 0.03203125 0.019921875
6 0.24609375 0.5609375 0.038671875 0.03359375
11 0.4015625 0.5171875 0.01640625 0.02734375
11 0.28984375 0.4609375 0.01015625 0.0234375
11 0.39609375 0.3890625 0.015625 0.025
11 0.38359375 0.39921875 0.014453125 0.03125
6 0.55546875 0.5953125 0.025 0.030859375
13 0.43671875 0.62890625 0.011328125 0.0234375
13 0.38671875 0.65859375 0.026953125 0.0171875
6 0.38828125 0.5453125 0.034375 0.03125
15 0.34921875 0.53515625 0.088671875 0.066796875
6 0.33203125 0.39921875 0.0296875 0.0171875
6 0.240625 0.4328125 0.03203125 0.015625
6 0.4359375 0.5015625 0.033984375 0.02265625
12 0.9875 0.9203125 0.025 0.03671875
13 0.4640625 0.465625 0.015625 0.0234375
6 0.3390625 0.37890625 0.016015625 0.019921875
6 0.33515625 0.60078125 0.025 0.017578125
10 0.57890625 0.775 0.044921875 0.058984375
11 0.3390625 0.3125 0.0203125 0.0140625
6 0.6375 0.53984375 0.046875 0.025
6 0.359375 0.46953125 0.022265625 0.0140625
13 0.3171875 0.4984375 0.01328125 0.0171875
6 0.6609375 0.61015625 0.022265625 0.020703125