13 0.4296875 0.33984375 0.050390625 0.04375
11 0.49765625 0.3078125 0.028125 0.06640625
10 0.534375 0.3875 0.0375 0.03828125
10 0.43984375 0.4421875 0.0296875 0.053125
3 0.60078125 0.428125 0.023046875 0.025390625
11 0.79453125 0.50234375 0.01875 0.044921875
11 0.84765625 0.43828125 0.029296875 0.028125
16 0.80390625 0.4390625 0.063671875 0.040625
10 0.62578125 0.34375 0.038671875 0.03203125
10 0.54765625 0.49921875 0.0265625 0.03046875
10 0.64453125 0.4359375 0.0453125 0.025390625
12 0.7296875 0.51953125 0.0171875 0.01796875
11 0.73984375 0.68359375 0.0125 0.020703125
11 0.7546875 0.6734375 0.01484375 0.025390625
11 0.74375 0.5546875 0.015234375 0.02265625
10 0.72890625 0.2421875 0.0484375 0.05
10 0.3875 0.26953125 0.0625 0.071875
0 0.38828125 0.24921875 0.01015625 0.0140625
12 0.2328125 0.246875 0.021875 0.027734375