10 0.7921875 0.13671875 0.09140625 0.0890625
6 0.76171875 0.1265625 0.030078125 0.03125
0 0.79140625 0.12109375 0.01015625 0.01640625
13 0.75703125 0.24609375 0.01875 0.023828125
13 0.73125 0.2375 0.04296875 0.05
10 0.72265625 0.35078125 0.0375 0.063671875
11 0.64609375 0.1953125 0.03828125 0.06171875
13 0.6203125 0.29453125 0.040234375 0.0390625
13 0.66953125 0.29140625 0.014453125 0.013671875
6 0.5671875 0.2609375 0.027734375 0.021484375
6 0.52265625 0.259375 0.038671875 0.0375
3 0.5453125 0.34375 0.01875 0.03046875
13 0.5359375 0.30078125 0.01640625 0.020703125
6 0.55546875 0.30546875 0.023828125 0.0171875
6 0.5453125 0.32109375 0.040234375 0.038671875
0 0.53046875 0.375 0.007421875 0.008984375
6 0.51875 0.3796875 0.01796875 0.028125
6 0.50078125 0.359375 0.045703125 0.03125
12 0.4265625 0.453125 0.012109375 0.01875
13 0.640625 0.4234375 0.024609375 0.01875
6 0.60390625 0.4390625 0.023828125 0.02109375
10 0.61796875 0.40390625 0.040625 0.03125
15 0.60234375 0.4203125 0.028125 0.03046875
6 0.553125 0.46796875 0.028125 0.020703125
12 0.5453125 0.5359375 0.009765625 0.012890625
15 0.53046875 0.51640625 0.053125 0.045703125
6 0.6515625 0.2640625 0.01484375 0.015234375
10 0.58046875 0.27109375 0.057421875 0.0625
15 0.45703125 0.35390625 0.1 0.09921875
13 0.39609375 0.378125 0.0109375 0.01171875
16 0.36640625 0.38671875 0.0890625 0.04140625
11 0.3546875 0.4359375 0.01953125 0.03359375
11 0.35234375 0.4453125 0.015625 0.028125
13 0.32734375 0.42109375 0.025 0.0203125
6 0.3125 0.41875 0.012890625 0.019140625
10 0.28984375 0.465625 0.036328125 0.030859375
6 0.23125 0.52265625 0.03203125 0.019921875
6 0.24609375 0.4390625 0.03828125 0.0328125
11 0.4015625 0.4828125 0.01640625 0.02734375
11 0.28984375 0.5390625 0.010546875 0.02265625
11 0.39609375 0.6109375 0.015625 0.025
11 0.38359375 0.60078125 0.014453125 0.03125
6 0.55546875 0.4046875 0.025 0.030859375
13 0.43671875 0.37109375 0.01171875 0.0234375
13 0.38671875 0.34140625 0.026953125 0.0171875
6 0.38828125 0.4546875 0.034375 0.03125
15 0.34921875 0.46484375 0.088671875 0.066796875
6 0.33203125 0.60078125 0.0296875 0.0171875
6 0.240625 0.5671875 0.03203125 0.015625
6 0.4359375 0.4984375 0.033984375 0.02265625
12 0.9875 0.0796875 0.025 0.037109375
13 0.4640625 0.534375 0.015625 0.02421875
6 0.3390625 0.62109375 0.01640625 0.01953125
6 0.33515625 0.39921875 0.025 0.01796875
10 0.57890625 0.225 0.044921875 0.058984375
11 0.3390625 0.6875 0.02109375 0.01328125
6 0.6375 0.46015625 0.046875 0.025
6 0.359375 0.53046875 0.022265625 0.0140625
13 0.3171875 0.5015625 0.01328125 0.0171875
6 0.6609375 0.38984375 0.02265625 0.02109375