11 0.8203125 0.8046875 0.03828125 0.103125
11 0.82265625 0.74765625 0.0328125 0.03671875
11 0.821875 0.65 0.03125 0.06875
12 0.7859375 0.66484375 0.034375 0.03984375
13 0.68359375 0.84921875 0.03515625 0.034375
16 0.74921875 0.8515625 0.1421875 0.12734375
3 0.14609375 0.8046875 0.046875 0.05546875
13 0.015625 0.7578125 0.02578125 0.01875
6 0.06953125 0.771875 0.06953125 0.07578125
6 0.07890625 0.9046875 0.02265625 0.03359375
13 0.34453125 0.58828125 0.0234375 0.03515625
15 0.24453125 0.71640625 0.48828125 0.46953125
13 0.26484375 0.5234375 0.03359375 0.03046875
13 0.24453125 0.8265625 0.04375 0.034375
0 0.84453125 0.6234375 0.01171875 0.01328125
0 0.85234375 0.6859375 0.01171875 0.01328125
13 0.98515625 0.678125 0.0296875 0.0359375
6 0.84140625 0.41640625 0.071875 0.05
12 0.91328125 0.37578125 0.0203125 0.02265625
13 0.9078125 0.390625 0.02890625 0.02265625
12 0.6578125 0.4 0.01953125 0.02578125
10 0.3484375 0.44921875 0.0625 0.03125
6 0.54765625 0.8234375 0.125 0.203125
6 0.4234375 0.82109375 0.10078125 0.0890625
6 0.45234375 0.45703125 0.08828125 0.121875
16 0.6203125 0.4859375 0.08046875 0.06953125
10 0.03828125 0.9171875 0.05859375 0.06953125
10 0.09375 0.86328125 0.08671875 0.05546875
6 0.93359375 0.42265625 0.0671875 0.046875
6 0.59296875 0.4078125 0.0546875 0.0375
6 0.6546875 0.43984375 0.075 0.05546875
6 0.8375 0.56015625 0.09453125 0.05546875
10 0.8890625 0.50078125 0.05 0.0671875
6 0.7609375 0.415625 0.06328125 0.04296875
6 0.7015625 0.41171875 0.0375 0.03671875
6 0.484375 0.4734375 0.05078125 0.05234375
13 0.8421875 0.475 0.02578125 0.02890625
16 0.8953125 0.134375 0.05703125 0.08359375
0 0.934375 0.47109375 0.01328125 0.01640625
0 0.46171875 0.69609375 0.01484375 0.01953125
10 0.2609375 0.78125 0.059375 0.03359375
0 0.28828125 0.765625 0.01640625 0.01640625
6 0.3765625 0.52109375 0.04921875 0.07109375
15 0.9734375 0.4765625 0.053125 0.05703125
15 0.94140625 0.6203125 0.11640625 0.22578125
15 0.91875 0.815625 0.1609375 0.1765625
15 0.7609375 0.73671875 0.09140625 0.09921875
15 0.384375 0.646875 0.12421875 0.11640625
13 0.34453125 0.8359375 0.02421875 0.02578125
15 0.63515625 0.81171875 0.11015625 0.2203125
15 0.9328125 0.20546875 0.13359375 0.115625
15 0.91484375 0.3359375 0.16953125 0.14140625
15 0.82421875 0.515625 0.0703125 0.0546875
15 0.69296875 0.35390625 0.209375 0.0859375