12 0.4875 0.56796875 0.021875 0.01875
13 0.45078125 0.44140625 0.015625 0.01953125
13 0.496875 0.428125 0.01640625 0.01484375
12 0.4078125 0.671875 0.02421875 0.0234375
6 0.31484375 0.71171875 0.05859375 0.03671875
6 0.25625 0.60625 0.0609375 0.05625
10 0.2015625 0.69765625 0.04609375 0.0484375
12 0.234375 0.68671875 0.021875 0.02890625
13 0.18203125 0.79921875 0.0390625 0.0453125
6 0.17421875 0.78828125 0.01875 0.021875
10 0.16875 0.76640625 0.05703125 0.04453125
11 0.1140625 0.82109375 0.02265625 0.040625
0 0.1265625 0.76484375 0.0171875 0.01953125
0 0.1078125 0.78515625 0.01171875 0.01875
9 0.053125 0.65390625 0.01015625 0.0125
8 0.0125 0.628125 0.025 0.065625
9 0.06796875 0.6 0.0625 0.040625
9 0.09765625 0.54296875 0.04453125 0.03984375
12 0.1015625 0.69765625 0.02265625 0.025
6 0.271875 0.80078125 0.03046875 0.0421875
13 0.3234375 0.77734375 0.0203125 0.0296875
6 0.2390625 0.35 0.03984375 0.0234375
6 0.3390625 0.371875 0.0328125 0.03203125
10 0.3328125 0.446875 0.0546875 0.0484375
6 0.44609375 0.3640625 0.0359375 0.025
10 0.41796875 0.61015625 0.05546875 0.0421875
16 0.54765625 0.41640625 0.0765625 0.03515625
13 0.6265625 0.575 0.02890625 0.03046875
6 0.66015625 0.57890625 0.03359375 0.04296875
10 0.6015625 0.4296875 0.075 0.08671875
6 0.61328125 0.3765625 0.05 0.03125
13 0.7640625 0.35625 0.0234375 0.021875
6 0.75078125 0.40546875 0.0515625 0.03671875
11 0.92265625 0.47265625 0.046875 0.04609375
11 0.95390625 0.45234375 0.059375 0.0390625
0 0.0671875 0.78203125 0.01328125 0.01484375
6 0.1109375 0.7546875 0.028125 0.028125
6 0.7109375 0.5296875 0.04140625 0.034375
6 0.43515625 0.5453125 0.021875 0.0234375
6 0.578125 0.52734375 0.01875 0.0234375
13 0.56640625 0.76171875 0.05234375 0.03203125
6 0.3578125 0.64609375 0.0171875 0.0203125
6 0.51640625 0.63828125 0.01875 0.01640625