13 0.546875 0.303125 0.02578125 0.01875
6 0.5125 0.30390625 0.03203125 0.0328125
16 0.6234375 0.46328125 0.071875 0.03125
10 0.56484375 0.4484375 0.0765625 0.08515625
6 0.55859375 0.50546875 0.046875 0.029296875
6 0.421875 0.48046875 0.046875 0.026171875
6 0.9359375 0.259375 0.07109375 0.06015625
6 0.87265625 0.15 0.063671875 0.034765625
13 0.86328125 0.08359375 0.020703125 0.03125
12 0.95703125 0.17578125 0.02734375 0.0296875
12 0.77265625 0.1984375 0.025 0.028125
10 0.76328125 0.26328125 0.059375 0.04375
12 0.68828125 0.3078125 0.023046875 0.01875
10 0.85 0.434375 0.058984375 0.037109375
6 0.83828125 0.50390625 0.0328125 0.026953125
6 0.725 0.51171875 0.0375 0.02109375
6 0.4640625 0.3546875 0.04140625 0.04140625
11 0.25234375 0.41796875 0.0421875 0.041796875
11 0.225 0.43984375 0.05625 0.0375
11 0.06796875 0.5421875 0.033203125 0.033984375
11 0.13046875 0.575 0.026171875 0.03671875
13 0.67734375 0.45 0.017578125 0.016015625
13 0.72734375 0.434375 0.0171875 0.021875
13 0.60859375 0.1125 0.051953125 0.031640625
13 0.40859375 0.52734375 0.020703125 0.017578125
6 0.94609375 0.5234375 0.04375 0.025390625