13 0.57578125 0.66640625 0.0515625 0.045703125
10 0.61484375 0.73671875 0.0703125 0.078125
0 0.61796875 0.7578125 0.00859375 0.0140625
11 0.5078125 0.69921875 0.027734375 0.065625
13 0.4703125 0.6203125 0.037109375 0.034765625
13 0.37890625 0.66328125 0.038671875 0.032421875
10 0.2765625 0.7625 0.05078125 0.0515625
3 0.4046875 0.57890625 0.022265625 0.028125
16 0.20234375 0.56484375 0.06171875 0.03671875
12 0.27734375 0.4859375 0.01953125 0.01953125
11 0.2625 0.45 0.015234375 0.021484375
11 0.21171875 0.5 0.01875 0.034375
11 0.25234375 0.334375 0.014453125 0.025
11 0.26640625 0.325 0.011328125 0.024609375
10 0.56640625 0.56484375 0.030078125 0.0578125