13 0.0421875 0.2171875 0.05234375 0.05
11 0.0234375 0.1234375 0.04609375 0.04765625
3 0.2390625 0.23125 0.015625 0.034375
13 0.17265625 0.225 0.039453125 0.04375
13 0.35546875 0.24375 0.0515625 0.03515625
12 0.515625 0.33125 0.012890625 0.01953125
11 0.565625 0.3546875 0.01796875 0.03203125
13 0.70234375 0.3375 0.02109375 0.0203125
10 0.7140625 0.284375 0.046875 0.050390625
11 0.5859375 0.26875 0.01953125 0.03828125
11 0.58828125 0.284375 0.017578125 0.030859375
13 0.61328125 0.23359375 0.0265625 0.030078125
16 0.46640625 0.42578125 0.048828125 0.014453125
6 0.40390625 0.2296875 0.060546875 0.124609375
13 0.57578125 0.45078125 0.0359375 0.023828125
13 0.6015625 0.46796875 0.015625 0.0140625
11 0.69921875 0.49140625 0.014453125 0.03125
11 0.69921875 0.51015625 0.013671875 0.017578125
13 0.78515625 0.4796875 0.035546875 0.02734375
11 0.86640625 0.590625 0.01875 0.02578125
10 0.871875 0.459375 0.04453125 0.0203125
10 0.9734375 0.534375 0.053125 0.034375
10 0.78359375 0.5671875 0.0265625 0.015625
13 0.66953125 0.53984375 0.02578125 0.02265625
15 0.62265625 0.30078125 0.1109375 0.094921875
15 0.44609375 0.39375 0.06875 0.0625
10 0.21015625 0.1828125 0.05625 0.0546875
13 0.1171875 0.2328125 0.01484375 0.0125
11 0.7921875 0.3796875 0.01328125 0.02421875
16 0.509375 0.2296875 0.072265625 0.06484375
13 0.48515625 0.22265625 0.0125 0.013671875
12 0.4609375 0.46015625 0.01015625 0.014453125
13 0.459375 0.440625 0.030859375 0.025390625
13 0.5 0.46796875 0.024609375 0.016796875
13 0.54296875 0.4328125 0.026171875 0.028125
10 0.5828125 0.42265625 0.0375 0.029296875
13 0.55703125 0.3171875 0.0296875 0.044140625
12 0.584375 0.36015625 0.01171875 0.025
10 0.546875 0.39453125 0.04921875 0.023046875
13 0.89765625 0.3953125 0.03984375 0.028125