13 0.0578125 0.72421875 0.015625 0.015625
11 0.453125 0.453125 0.03359375 0.02265625
11 0.47734375 0.44921875 0.02109375 0.03359375
10 0.6921875 0.43359375 0.02109375 0.0203125
10 0.8046875 0.4828125 0.03203125 0.01875
13 0.5515625 0.528125 0.015625 0.01796875
10 0.57421875 0.66796875 0.0296875 0.03359375
0 0.51484375 0.6875 0.00703125 0.009375
13 0.55625 0.5703125 0.0140625 0.01328125
13 0.47890625 0.50234375 0.01171875 0.015625
12 0.68359375 0.46484375 0.0125 0.0109375
10 0.98046875 0.4390625 0.02265625 0.02265625
11 0.43125 0.453125 0.01640625 0.025