11 0.4734375 0.72109375 0.0296875 0.06640625
13 0.40859375 0.6875 0.03671875 0.04453125
13 0.384375 0.68046875 0.0171875 0.02421875
10 0.4109375 0.584375 0.0296875 0.06171875
13 0.5078125 0.63984375 0.0390625 0.0390625
6 0.59921875 0.6796875 0.03828125 0.0375
6 0.57734375 0.61875 0.0375 0.0375
6 0.5578125 0.6734375 0.025 0.021875
6 0.61796875 0.58671875 0.04375 0.0296875
0 0.58984375 0.57109375 0.00703125 0.0109375
15 0.66328125 0.59609375 0.096875 0.0984375
15 0.58359375 0.41640625 0.0546875 0.0421875
6 0.6 0.56640625 0.01640625 0.02734375
6 0.684375 0.45703125 0.0296875 0.028125
12 0.69609375 0.50078125 0.0171875 0.01875
11 0.7125 0.4671875 0.015625 0.0265625
11 0.76171875 0.5171875 0.01953125 0.0390625
13 0.79375 0.53828125 0.02421875 0.0234375
6 0.73359375 0.503125 0.03203125 0.02890625
6 0.784375 0.55703125 0.01875 0.01796875
16 0.75546875 0.5734375 0.09296875 0.04453125
15 0.76875 0.49375 0.0921875 0.06640625
6 0.78359375 0.36015625 0.03125 0.02109375
6 0.77578125 0.3390625 0.01875 0.01875
11 0.7234375 0.3515625 0.01328125 0.0265625
11 0.7078125 0.33984375 0.0140625 0.02578125
6 0.890625 0.43984375 0.03671875 0.02109375
10 0.8796875 0.52578125 0.03984375 0.03359375
11 0.81484375 0.58515625 0.02578125 0.03125
0 0.35859375 0.78125 0.00859375 0.0140625
10 0.3546875 0.7625 0.0625 0.075
12 0.19765625 0.78984375 0.02109375 0.028125
10 0.17734375 0.80078125 0.02734375 0.04140625
6 0.51640625 0.5046875 0.02421875 0.02109375
6 0.53046875 0.50078125 0.01875 0.01640625
6 0.56328125 0.54296875 0.0265625 0.03125
13 0.465625 0.6375 0.01328125 0.0140625
6 0.571875 0.57421875 0.0234375 0.02421875
3 0.5765625 0.5953125 0.0234375 0.02734375
10 0.5453125 0.6640625 0.05625 0.059375
13 0.58515625 0.63984375 0.0171875 0.0171875
13 0.61484375 0.6109375 0.009375 0.01171875