13 0.546875 0.696875 0.02578125 0.01875
6 0.5125 0.69609375 0.0328125 0.0328125
16 0.6234375 0.53671875 0.071875 0.03125
10 0.56484375 0.5515625 0.0765625 0.0859375
6 0.55859375 0.49453125 0.046875 0.029296875
6 0.421875 0.51953125 0.046875 0.026171875
6 0.9359375 0.740625 0.07109375 0.06015625
6 0.87265625 0.85 0.063671875 0.034765625
13 0.86328125 0.91640625 0.02109375 0.03125
12 0.95703125 0.82421875 0.02734375 0.0296875
12 0.77265625 0.8015625 0.025 0.028125
10 0.76328125 0.73671875 0.059375 0.04375
12 0.68828125 0.6921875 0.023046875 0.01875
10 0.85 0.565625 0.05859375 0.03671875
6 0.83828125 0.49609375 0.0328125 0.026953125
6 0.725 0.48828125 0.0375 0.02109375
6 0.4640625 0.6453125 0.0421875 0.0421875
11 0.25234375 0.58203125 0.0421875 0.041796875
11 0.225 0.56015625 0.05625 0.0375
11 0.06796875 0.4578125 0.03359375 0.03359375
11 0.13046875 0.425 0.026171875 0.03671875
13 0.67734375 0.55 0.017578125 0.016015625
13 0.72734375 0.565625 0.0171875 0.021875
13 0.60859375 0.8875 0.05234375 0.03203125
13 0.40859375 0.47265625 0.02109375 0.01796875
6 0.94609375 0.4765625 0.04375 0.025390625