12 0.23671875 0.7875 0.02265625 0.0234375
12 0.3203125 0.67890625 0.0203125 0.01484375
6 0.07578125 0.7265625 0.0671875 0.05703125
16 0.38515625 0.525 0.07109375 0.03125
13 0.44921875 0.48203125 0.046875 0.025
10 0.16015625 0.553125 0.05390625 0.03359375
10 0.42578125 0.53515625 0.05546875 0.08125
11 0.93984375 0.446875 0.03359375 0.03203125
11 0.8765625 0.41328125 0.02421875 0.034375
11 0.7828125 0.55 0.053125 0.02890625
11 0.753125 0.57109375 0.03828125 0.03671875
13 0.54453125 0.50703125 0.025 0.02578125
13 0.33203125 0.53671875 0.01484375 0.01015625
10 0.13671875 0.8359375 0.0609375 0.03515625
10 0.0234375 0.8234375 0.04609375 0.04765625
13 0.6515625 0.5390625 0.0203125 0.0203125