13 0.5703125 0.66015625 0.050390625 0.04375
11 0.50234375 0.6921875 0.028125 0.06640625
10 0.465625 0.6125 0.0375 0.0390625
10 0.56015625 0.5578125 0.0296875 0.053125
3 0.39921875 0.571875 0.023046875 0.025390625
11 0.20546875 0.49765625 0.01875 0.044921875
11 0.15234375 0.56171875 0.029296875 0.028125
16 0.19609375 0.5609375 0.06328125 0.040625
10 0.37421875 0.65625 0.03828125 0.0328125
10 0.45234375 0.50078125 0.0265625 0.030078125
10 0.35546875 0.5640625 0.0453125 0.025390625
12 0.2703125 0.48046875 0.0171875 0.01796875
11 0.26015625 0.31640625 0.0125 0.020703125
11 0.2453125 0.3265625 0.01484375 0.025390625
11 0.25625 0.4453125 0.015234375 0.02265625
10 0.27109375 0.7578125 0.0484375 0.05
10 0.6125 0.73046875 0.0625 0.071875
0 0.61171875 0.75078125 0.010546875 0.0140625
12 0.7671875 0.753125 0.021875 0.027734375