13 0.90625 0.69765625 0.03828125 0.03671875
13 0.85703125 0.69375 0.064453125 0.071875
13 0.790625 0.7328125 0.022265625 0.019140625
3 0.66640625 0.7921875 0.044921875 0.05234375
13 0.7296875 0.75 0.06640625 0.06796875
12 0.14140625 0.4375 0.021875 0.027734375
13 0.140625 0.4734375 0.077734375 0.056640625
12 0.0421875 0.7140625 0.02890625 0.037890625
13 0.1296875 0.896875 0.0375 0.03671875
0 0.51796875 0.76171875 0.013671875 0.015625
13 0.5375 0.53046875 0.03671875 0.032421875
11 0.94453125 0.88125 0.073828125 0.040234375
16 0.04453125 0.93671875 0.0890625 0.104296875
16 0.10625 0.8640625 0.078515625 0.08515625