13 0.9421875 0.27578125 0.015625 0.015625
11 0.546875 0.546875 0.033984375 0.022265625
11 0.52265625 0.55078125 0.020703125 0.033203125
10 0.3078125 0.56640625 0.021484375 0.0203125
10 0.1953125 0.5171875 0.031640625 0.01875
13 0.4484375 0.471875 0.015625 0.018359375
10 0.42578125 0.33203125 0.0296875 0.033203125
0 0.48515625 0.3125 0.00703125 0.009375
13 0.44375 0.4296875 0.01328125 0.012890625
13 0.52109375 0.49765625 0.011328125 0.015625
12 0.31640625 0.53515625 0.0125 0.0109375
10 0.01953125 0.5609375 0.023046875 0.022265625
11 0.56875 0.546875 0.01640625 0.025