13 0.7375 0.7375 0.041015625 0.049609375
13 0.76171875 0.73203125 0.01875 0.03125
11 0.69375 0.80078125 0.025 0.0390625
10 0.7328125 0.62109375 0.0375 0.0625
13 0.6265625 0.6828125 0.040625 0.040625
13 0.68046875 0.69296875 0.015625 0.01875
6 0.52578125 0.7171875 0.040625 0.0375
10 0.58359375 0.70390625 0.0578125 0.0703125
6 0.58671875 0.721875 0.016796875 0.018359375
6 0.571875 0.72109375 0.01953125 0.0140625
3 0.5671875 0.640625 0.015625 0.03203125
6 0.55703125 0.66171875 0.051171875 0.0390625
13 0.5359375 0.67265625 0.015234375 0.0171875
6 0.52578125 0.6734375 0.01875 0.01484375
13 0.50390625 0.6390625 0.0078125 0.012890625
0 0.53984375 0.60390625 0.0078125 0.009375
6 0.56015625 0.5703125 0.0234375 0.03359375
6 0.61171875 0.5328125 0.023828125 0.02109375
12 0.55078125 0.43671875 0.0109375 0.01171875
6 0.53125 0.44921875 0.027734375 0.023046875
6 0.50390625 0.61328125 0.046875 0.0328125
13 0.4421875 0.6 0.012890625 0.018359375
12 0.434375 0.51484375 0.015234375 0.017578125
11 0.4109375 0.48671875 0.012890625 0.03125
11 0.36015625 0.5328125 0.01796875 0.02890625
11 0.36171875 0.52265625 0.015625 0.02421875
6 0.39609375 0.5125 0.028125 0.028125
13 0.33046875 0.54765625 0.025 0.023046875
16 0.37421875 0.58515625 0.089453125 0.0390625
13 0.321875 0.46796875 0.0125 0.023046875
10 0.296875 0.50234375 0.033984375 0.038671875
10 0.4390625 0.43828125 0.025390625 0.023828125
6 0.44609375 0.4703125 0.036328125 0.025
13 0.64921875 0.55 0.023828125 0.021875
6 0.5453125 0.6265625 0.021875 0.0265625
6 0.6609375 0.5125 0.024609375 0.019140625
6 0.33828125 0.36640625 0.030078125 0.0171875
6 0.34296875 0.34453125 0.017578125 0.017578125
15 0.3546875 0.50625 0.084375 0.062109375
15 0.46015625 0.61640625 0.101953125 0.1
15 0.5296875 0.48125 0.05859375 0.05078125
10 0.25078125 0.52578125 0.036328125 0.033203125
6 0.315625 0.5515625 0.012890625 0.01640625
6 0.34140625 0.571875 0.017578125 0.015234375
6 0.52734375 0.5953125 0.02109375 0.02734375
15 0.609375 0.55390625 0.028125 0.030078125
6 0.38671875 0.62734375 0.01875 0.0140625
11 0.39375 0.3703125 0.012109375 0.027734375
11 0.40546875 0.35703125 0.011328125 0.025
12 0.4921875 0.3953125 0.01484375 0.01484375
6 0.521875 0.425 0.01328125 0.015625
13 0.4453125 0.40625 0.015625 0.012109375
6 0.4546875 0.4234375 0.02265625 0.022265625
6 0.4296875 0.4125 0.028515625 0.01796875