13 0.93203125 0.6953125 0.06875 0.075390625
6 0.4625 0.8265625 0.105859375 0.091015625
6 0.55078125 0.7609375 0.0453125 0.069140625
13 0.54140625 0.83125 0.028125 0.034765625
13 0.80546875 0.74921875 0.069921875 0.076171875
13 0.86015625 0.73046875 0.02421875 0.0171875
13 0.98125 0.7 0.034765625 0.031640625
6 0.84453125 0.8671875 0.032421875 0.024609375
10 0.83984375 0.89375 0.0734375 0.078515625
3 0.73671875 0.7890625 0.045703125 0.059375
10 0.74765625 0.85703125 0.151171875 0.0953125
6 0.6734375 0.85859375 0.0421875 0.0484375
6 0.696875 0.8015625 0.09375 0.078125
13 0.63515625 0.8140625 0.053125 0.046484375
10 0.6203125 0.771875 0.06015625 0.031640625
6 0.709375 0.6375 0.034375 0.034765625
13 0.78359375 0.459375 0.025 0.025390625
6 0.74375 0.4578125 0.028125 0.018359375
0 0.61328125 0.7 0.015625 0.018359375
0 0.5921875 0.75703125 0.015625 0.0203125
13 0.6125 0.51796875 0.03828125 0.036328125
10 0.64296875 0.6015625 0.0625 0.050390625
6 0.54453125 0.503125 0.05234375 0.03984375
16 0.25234375 0.50078125 0.083203125 0.0578125
6 0.31640625 0.5140625 0.03671875 0.053125
13 0.1734375 0.428125 0.037109375 0.040625
6 0.21953125 0.4546875 0.08125 0.06015625
13 0.20625 0.503125 0.03046875 0.03515625
6 0.28515625 0.4203125 0.0578125 0.046484375
12 0.21875 0.4171875 0.021875 0.027734375
6 0.146875 0.3421875 0.02265625 0.02421875
6 0.1203125 0.34921875 0.021484375 0.0234375
11 0.05625 0.67265625 0.034765625 0.066796875
11 0.05390625 0.81875 0.044921875 0.075
11 0.05234375 0.78828125 0.03984375 0.0640625
12 0.1046875 0.6890625 0.034765625 0.044140625
13 0.11015625 0.66484375 0.026171875 0.0234375
0 0.034375 0.71875 0.01328125 0.0203125
0 0.03125 0.6546875 0.01328125 0.01875
0 0.0984375 0.60625 0.015625 0.022265625
6 0.04375 0.5875 0.0875 0.053125
6 0.02734375 0.50390625 0.03125 0.0328125
6 0.03125 0.44296875 0.062109375 0.059375
6 0.11171875 0.434375 0.0734375 0.046484375
13 0.20390625 0.87421875 0.042578125 0.042578125
6 0.053125 0.9375 0.01484375 0.02734375
16 0.12890625 0.875 0.1515625 0.155859375
6 0.0203125 0.36875 0.037890625 0.037109375
6 0.10546875 0.39609375 0.025 0.0265625
13 0.1375 0.38984375 0.03125 0.026953125
13 0.14453125 0.409375 0.0375 0.025
6 0.23671875 0.39375 0.023828125 0.022265625
6 0.30390625 0.32578125 0.023046875 0.0234375
6 0.25703125 0.3296875 0.0421875 0.025
6 0.271875 0.3890625 0.037109375 0.03125
6 0.39375 0.47890625 0.053125 0.05546875
10 0.50234375 0.55390625 0.04140625 0.0484375
13 0.53515625 0.58671875 0.02109375 0.03515625
6 0.56953125 0.65546875 0.057421875 0.0734375
6 0.72890625 0.73671875 0.0609375 0.04375
6 0.70078125 0.7453125 0.04765625 0.028125
6 0.8046875 0.87890625 0.02109375 0.0375
6 0.69296875 0.61328125 0.03984375 0.04609375
15 0.490625 0.62578125 0.12421875 0.1203125
0 0.4265625 0.69921875 0.015625 0.025
13 0.290625 0.8703125 0.02421875 0.04765625
13 0.36328125 0.75703125 0.0203125 0.02734375
13 0.3625 0.70703125 0.022265625 0.0234375
13 0.26875 0.76953125 0.03046875 0.0328125
15 0.340625 0.8390625 0.121484375 0.20390625
15 0.5875 0.5609375 0.059375 0.0703125
6 0.5609375 0.58203125 0.01796875 0.03125
6 0.5796875 0.6 0.053125 0.0375
6 0.5890625 0.60859375 0.01484375 0.017578125
6 0.59375 0.71640625 0.03203125 0.0359375
6 0.62890625 0.73671875 0.082421875 0.045703125
6 0.6375 0.75234375 0.02109375 0.03203125