11 0.2484375 0.30546875 0.028125 0.028125
11 0.453125 0.359375 0.046484375 0.044140625
15 0.48515625 0.3546875 0.03125 0.016015625
16 0.54375 0.27734375 0.040625 0.013671875
11 0.3734375 0.59765625 0.0625 0.051953125
11 0.41015625 0.58671875 0.048828125 0.0421875
11 0.44140625 0.56875 0.0515625 0.06953125
11 0.49296875 0.54609375 0.0671875 0.076171875
11 0.53359375 0.54296875 0.036328125 0.05625
11 0.78828125 0.41953125 0.042578125 0.0234375
11 0.753125 0.4578125 0.06796875 0.046875
11 0.915625 0.371875 0.071875 0.03046875
11 0.9625 0.36953125 0.037109375 0.019921875
11 0.91171875 0.38828125 0.039453125 0.0234375
15 0.93203125 0.39375 0.0328125 0.01796875
16 0.5359375 0.35546875 0.06796875 0.01015625
13 0.5546875 0.38671875 0.02890625 0.0109375
11 0.69453125 0.15703125 0.0125 0.0109375
11 0.828125 0.13359375 0.030859375 0.008203125
10 0.87578125 0.1609375 0.0375 0.00859375
10 0.5859375 0.1734375 0.05625 0.009375
10 0.64453125 0.175 0.028125 0.006640625
15 0.46171875 0.18984375 0.01796875 0.00546875
15 0.45625 0.15078125 0.012890625 0.0046875
15 0.3890625 0.140625 0.015625 0.006640625
15 0.709375 0.31328125 0.022265625 0.0046875
16 0.69140625 0.28828125 0.0296875 0.00625
10 0.75625 0.3125 0.044140625 0.0125
15 0.72421875 0.3203125 0.026171875 0.00859375
15 0.8265625 0.2421875 0.016015625 0.006640625
15 0.74140625 0.23125 0.016796875 0.008984375
0 0.134375 0.43125 0.019140625 0.00703125
16 0.21171875 0.6765625 0.06640625 0.03515625
16 0.08984375 0.8625 0.117578125 0.071484375
0 0.33671875 0.7234375 0.0234375 0.016015625
16 0.5703125 0.5359375 0.04140625 0.027734375