11 0.04296875 0.5984375 0.021875 0.0328125
11 0.0265625 0.61328125 0.025 0.03828125
11 0.06171875 0.625 0.02421875 0.0328125
11 0.08359375 0.64296875 0.01796875 0.0421875
11 0.09453125 0.6484375 0.02109375 0.03671875
15 0.221875 0.678125 0.04375 0.03671875
15 0.1109375 0.61953125 0.04375 0.0328125
11 0.21875 0.61875 0.01875 0.03125
11 0.31484375 0.49375 0.04609375 0.05234375
11 0.39375 0.5453125 0.05234375 0.0265625
11 0.36875 0.5125 0.025 0.03359375
11 0.3046875 0.55546875 0.01953125 0.0421875
11 0.228125 0.5046875 0.021875 0.0375
11 0.21796875 0.54453125 0.02578125 0.03984375
11 0.41328125 0.5703125 0.015625 0.02421875
11 0.10546875 0.575 0.01484375 0.0296875
15 0.17421875 0.603125 0.025 0.03125
11 0.203125 0.553125 0.0203125 0.03125
11 0.25234375 0.5109375 0.02578125 0.02109375
11 0.62578125 0.33046875 0.0359375 0.0265625
11 0.3921875 0.50859375 0.025 0.04140625
15 0.14296875 0.59140625 0.02421875 0.028125
11 0.1546875 0.621875 0.0140625 0.0265625