15 0.2828125 0.52265625 0.35625 0.12265625
11 0.3109375 0.5625 0.02890625 0.01640625
11 0.33203125 0.56328125 0.01640625 0.0125
11 0.41640625 0.52578125 0.0109375 0.01328125
11 0.36328125 0.51484375 0.01484375 0.0109375
16 0.559375 0.55703125 0.03984375 0.015625
11 0.5078125 0.57578125 0.01953125 0.01484375
11 0.58984375 0.603125 0.0234375 0.0203125
11 0.56953125 0.59765625 0.01953125 0.01328125
16 0.6546875 0.6296875 0.0578125 0.03125
11 0.71484375 0.59765625 0.02421875 0.0203125
11 0.690625 0.61875 0.02109375 0.0265625
11 0.66484375 0.62265625 0.03671875 0.01171875
11 0.82109375 0.565625 0.021875 0.01328125
11 0.8671875 0.62265625 0.053125 0.02109375
11 0.890625 0.590625 0.0453125 0.021875
11 0.91796875 0.5984375 0.0421875 0.01875
11 0.921875 0.65703125 0.034375 0.01796875
11 0.9109375 0.6359375 0.0234375 0.0171875
11 0.8890625 0.6578125 0.01640625 0.02421875
11 0.89453125 0.67578125 0.02890625 0.03359375
11 0.94609375 0.68515625 0.01640625 0.0296875
11 0.79453125 0.59140625 0.02421875 0.02578125
11 0.80703125 0.64140625 0.01953125 0.028125
11 0.865625 0.60390625 0.0359375 0.0203125
16 0.85078125 0.590625 0.0140625 0.01484375
16 0.80234375 0.6375 0.08359375 0.0296875
11 0.62421875 0.5796875 0.021875 0.0140625
10 0.65 0.56875 0.01953125 0.0140625
11 0.54921875 0.57109375 0.0203125 0.01171875
11 0.6078125 0.5921875 0.0265625 0.01796875
16 0.64921875 0.609375 0.021875 0.0265625
10 0.6515625 0.59140625 0.02421875 0.0234375
11 0.5890625 0.590625 0.009375 0.01484375
16 0.7296875 0.62734375 0.03046875 0.0203125
16 0.9765625 0.6109375 0.0453125 0.0234375
11 0.92421875 0.6265625 0.02890625 0.025
15 0.96953125 0.6484375 0.06015625 0.04140625
16 0.5375 0.58203125 0.03203125 0.0203125
11 0.67265625 0.59765625 0.0265625 0.0234375