13 0.13125 0.25703125 0.047265625 0.044921875
11 0.09765625 0.17421875 0.061328125 0.041796875
13 0.23359375 0.24765625 0.041796875 0.0359375
10 0.20625 0.1625 0.059765625 0.034765625
13 0.1921875 0.25625 0.012890625 0.012109375
13 0.4046875 0.23515625 0.046875 0.03125
3 0.2875 0.2375 0.01796875 0.03125
10 0.22890625 0.3390625 0.030078125 0.046484375
10 0.25625 0.38046875 0.04375 0.028125
10 0.328125 0.33046875 0.030859375 0.025
13 0.4078125 0.3296875 0.033984375 0.033984375
13 0.4390625 0.3421875 0.018359375 0.012109375
15 0.4828125 0.34765625 0.0609375 0.059375
12 0.50546875 0.4203125 0.009375 0.01484375
10 0.57578125 0.41015625 0.025 0.021875
13 0.58359375 0.38671875 0.021875 0.0234375
11 0.59609375 0.31328125 0.014453125 0.029296875
12 0.553125 0.29921875 0.0125 0.019921875
13 0.63984375 0.19296875 0.023828125 0.0265625
11 0.6140625 0.23203125 0.018359375 0.03125
11 0.61171875 0.24609375 0.016796875 0.025
15 0.64765625 0.2515625 0.107421875 0.090234375
11 0.6875 0.2765625 0.015625 0.03125
13 0.72421875 0.278125 0.020703125 0.016015625
10 0.73984375 0.2265625 0.048046875 0.044140625
13 0.75703125 0.2546875 0.0109375 0.02109375
13 0.70234375 0.33515625 0.025 0.021875
11 0.7359375 0.42265625 0.0125 0.0265625
11 0.7296875 0.43359375 0.0125 0.02578125
10 0.7484375 0.40078125 0.028515625 0.035546875
11 0.81484375 0.30390625 0.011328125 0.023828125
12 0.771875 0.36484375 0.0125 0.014453125
16 0.603125 0.5296875 0.034765625 0.040234375
13 0.6078125 0.40078125 0.033984375 0.0234375
12 0.60859375 0.3171875 0.0078125 0.01875
13 0.678125 0.3015625 0.012109375 0.01484375
10 0.61875 0.37421875 0.0265625 0.025
16 0.50703125 0.3875 0.044921875 0.01171875
13 0.50390625 0.40546875 0.0265625 0.023828125
16 0.5546875 0.1921875 0.04609375 0.046875
16 0.52734375 0.22109375 0.0359375 0.038671875
0 0.36484375 0.259375 0.0078125 0.009375
13 0.0328125 0.175 0.030859375 0.021875
6 0.34765625 0.24609375 0.03125 0.01875
6 0.37109375 0.375 0.020703125 0.025
6 0.3625 0.39765625 0.012890625 0.014453125
6 0.2390625 0.1796875 0.01640625 0.015625
6 0.30234375 0.1984375 0.021875 0.01953125
13 0.3328125 0.21328125 0.027734375 0.019921875
13 0.3796875 0.21796875 0.0125 0.01484375
6 0.3609375 0.27734375 0.01875 0.0171875
13 0.51796875 0.2078125 0.0125 0.01015625
0 0.58046875 0.30078125 0.00625 0.007421875
0 0.59453125 0.3328125 0.00625 0.00703125
0 0.56328125 0.3359375 0.00703125 0.00859375
0 0.65078125 0.38828125 0.00625 0.0078125
13 0.79375 0.33671875 0.0140625 0.0140625
0 0.79375 0.321875 0.005859375 0.009375
6 0.8109375 0.4015625 0.03359375 0.02421875
6 0.8234375 0.42578125 0.015234375 0.021875
6 0.7921875 0.4078125 0.006640625 0.00625
13 0.6328125 0.41484375 0.015625 0.0125
12 0.6296875 0.42109375 0.009375 0.010546875
6 0.58515625 0.35078125 0.04296875 0.01796875
12 0.56640625 0.3625 0.0125 0.01171875
6 0.51953125 0.37734375 0.011328125 0.0109375
6 0.38515625 0.30859375 0.03203125 0.034375
6 0.6484375 0.40234375 0.03125 0.0234375
6 0.640625 0.3890625 0.012890625 0.012109375
6 0.7375 0.46484375 0.02421875 0.0125
11 0.9015625 0.49375 0.01875 0.02421875
6 0.88671875 0.4890625 0.025 0.01875
6 0.91484375 0.47890625 0.020703125 0.017578125
6 0.86953125 0.50703125 0.0171875 0.011328125
6 0.81328125 0.484375 0.01875 0.012109375
6 0.925 0.30703125 0.037890625 0.028125
13 0.86484375 0.29765625 0.0234375 0.013671875
6 0.85703125 0.340625 0.014453125 0.012890625
6 0.77265625 0.459375 0.0140625 0.0125
6 0.5375 0.421875 0.021875 0.01171875
6 0.46640625 0.41015625 0.029296875 0.016796875
6 0.3015625 0.2234375 0.05234375 0.03125
6 0.38359375 0.2640625 0.0171875 0.034765625
13 0.26875 0.39765625 0.012890625 0.011328125
6 0.3 0.40625 0.009375 0.0125
6 0.5203125 0.45234375 0.009375 0.00859375
6 0.5078125 0.45546875 0.00859375 0.00625
6 0.66796875 0.496875 0.01484375 0.01015625
16 0.68046875 0.47421875 0.03125 0.0234375
6 0.70234375 0.46796875 0.023828125 0.01875
13 0.28046875 0.34296875 0.0171875 0.01875
6 0.30234375 0.25546875 0.01875 0.010546875
6 0.1734375 0.221875 0.01484375 0.015625
6 0.2203125 0.1796875 0.01640625 0.0125