6 0.525 0.6109375 0.03046875 0.02265625
10 0.496875 0.675 0.07578125 0.0703125
6 0.40859375 0.69140625 0.026953125 0.0421875
12 0.42890625 0.5875 0.0140625 0.03203125
6 0.3296875 0.69140625 0.015625 0.0140625
6 0.3546875 0.77109375 0.01015625 0.015625
6 0.38203125 0.5203125 0.020703125 0.012890625
13 0.3109375 0.32890625 0.018359375 0.016796875
6 0.29609375 0.265625 0.010546875 0.012109375
10 0.2765625 0.27578125 0.0375 0.02578125
6 0.2578125 0.29765625 0.008984375 0.009375
6 0.25234375 0.28125 0.00625 0.009375
6 0.23125 0.35390625 0.0125 0.011328125
13 0.225 0.3859375 0.01875 0.016015625
10 0.228125 0.2671875 0.03828125 0.025
10 0.2265625 0.29140625 0.040234375 0.023046875
10 0.2046875 0.31875 0.062109375 0.037890625
6 0.25546875 0.165625 0.020703125 0.01796875
6 0.22421875 0.13046875 0.0140625 0.01171875
6 0.2921875 0.1515625 0.01640625 0.02265625
0 0.35078125 0.2546875 0.005078125 0.006640625
6 0.37578125 0.08046875 0.014453125 0.014453125
0 0.3234375 0.07890625 0.00625 0.00546875
10 0.4703125 0.06875 0.02890625 0.01484375
13 0.41875 0.06015625 0.01171875 0.010546875
6 0.40546875 0.13203125 0.017578125 0.0140625
10 0.5640625 0.02890625 0.05859375 0.02578125
6 0.5046875 0.325 0.01640625 0.021875
6 0.5765625 0.1640625 0.016015625 0.015234375
16 0.6984375 0.11875 0.04765625 0.019140625
6 0.6875 0.4203125 0.015625 0.02265625
11 0.83359375 0.40703125 0.038671875 0.032421875
10 0.5546875 0.43125 0.078515625 0.05078125
13 0.559375 0.35625 0.015625 0.0140625
6 0.5921875 0.36953125 0.01796875 0.0125
6 0.7078125 0.709375 0.02578125 0.03203125
6 0.71484375 0.9109375 0.01875 0.025390625
0 0.08671875 0.4125 0.00859375 0.009375
10 0.1234375 0.42421875 0.05703125 0.04921875
13 0.153125 0.45078125 0.027734375 0.0296875
10 0.09609375 0.52265625 0.08984375 0.06640625
11 0.12265625 0.5703125 0.05 0.033984375
10 0.02421875 0.3453125 0.0484375 0.040625
6 0.0390625 0.8421875 0.022265625 0.01875
6 0.0359375 0.62421875 0.00859375 0.028125
0 0.2015625 0.49375 0.009375 0.01171875
15 0.4234375 0.36015625 0.02265625 0.021875
15 0.4453125 0.2984375 0.01640625 0.024609375
6 0.41953125 0.16328125 0.015625 0.0203125