11 0.090625 0.2296875 0.05078125 0.0328125
6 0.11328125 0.209375 0.028125 0.046875
10 0.3234375 0.31953125 0.075390625 0.088671875
6 0.2953125 0.39296875 0.02890625 0.034375
12 0.31875 0.41015625 0.022265625 0.033203125
6 0.41171875 0.41796875 0.026171875 0.040625
6 0.44296875 0.4328125 0.013671875 0.019140625
6 0.73515625 0.46328125 0.01875 0.023828125
13 0.796875 0.48125 0.01796875 0.027734375
13 0.77578125 0.50625 0.035546875 0.024609375
13 0.8359375 0.49921875 0.021484375 0.035546875
6 0.76796875 0.62109375 0.015625 0.014453125
10 0.784375 0.6 0.037109375 0.046875
6 0.65703125 0.646875 0.0109375 0.012109375
12 0.675 0.67734375 0.0125 0.017578125
6 0.6640625 0.6796875 0.00859375 0.009375
0 0.65546875 0.70859375 0.0078125 0.0078125
6 0.65859375 0.71875 0.013671875 0.01171875
6 0.66875 0.72421875 0.012109375 0.013671875
12 0.69375 0.69453125 0.018359375 0.0171875
10 0.70625 0.6734375 0.04609375 0.0375
10 0.69921875 0.74921875 0.036328125 0.041796875
10 0.596875 0.67890625 0.037890625 0.032421875
10 0.61328125 0.65390625 0.035546875 0.032421875
16 0.628125 0.7875 0.03125 0.046875
10 0.48515625 0.796875 0.048828125 0.031640625
10 0.42890625 0.6515625 0.04375 0.06015625
11 0.4296875 0.6078125 0.01875 0.03125
6 0.4046875 0.65625 0.015625 0.0171875
10 0.40546875 0.70390625 0.0421875 0.038671875
13 0.37734375 0.659375 0.020703125 0.021484375
0 0.3703125 0.61484375 0.008984375 0.0109375
0 0.4484375 0.74375 0.00859375 0.006640625
10 0.30390625 0.7640625 0.039453125 0.025390625
10 0.3109375 0.7453125 0.034765625 0.018359375
10 0.3203125 0.7265625 0.0546875 0.0265625
6 0.3203125 0.69296875 0.01015625 0.0125
13 0.33125 0.671875 0.01953125 0.01484375
6 0.284375 0.7359375 0.008984375 0.009765625
6 0.27265625 0.70625 0.00859375 0.009375
6 0.240625 0.8140625 0.0234375 0.01875
6 0.26953125 0.85 0.011328125 0.012890625
10 0.24453125 0.715625 0.04609375 0.03984375
6 0.21640625 0.71484375 0.0109375 0.013671875
13 0.25703125 0.66171875 0.0171875 0.016796875
0 0.18984375 0.69375 0.0078125 0.009765625