6 0.5171875 0.40390625 0.031640625 0.01875
12 0.60390625 0.4296875 0.0125 0.031640625
6 0.63828125 0.3234375 0.026953125 0.03984375
10 0.54296875 0.33984375 0.076171875 0.0671875
6 0.528125 0.70078125 0.01796875 0.0203125
13 0.71015625 0.69453125 0.01875 0.0171875
6 0.72109375 0.759375 0.0109375 0.012109375
10 0.7453125 0.75078125 0.047265625 0.030078125
6 0.76640625 0.81796875 0.01328125 0.0125
10 0.78984375 0.76015625 0.041796875 0.028125
10 0.79296875 0.73125 0.039453125 0.03203125
10 0.815625 0.7078125 0.05234375 0.0390625
6 0.7875 0.671875 0.012890625 0.0125
6 0.76015625 0.72734375 0.009375 0.010546875
13 0.79296875 0.63828125 0.01875 0.0203125
13 0.8609375 0.575 0.025 0.030859375
0 0.81640625 0.53203125 0.00859375 0.01171875
10 0.8953125 0.6015625 0.05625 0.04609375
0 0.93125 0.61484375 0.0078125 0.01015625
6 0.91015625 0.53828125 0.02421875 0.02109375
10 0.9171875 0.50390625 0.08671875 0.06328125
11 0.890625 0.45546875 0.052734375 0.030078125
10 0.9828125 0.678125 0.034375 0.0375
0 0.66640625 0.771875 0.00625 0.006640625
6 0.66484375 0.603125 0.016796875 0.01875
6 0.6546875 0.50078125 0.021484375 0.013671875
6 0.7078125 0.32265625 0.016015625 0.016796875
6 0.6921875 0.24296875 0.01015625 0.014453125
6 0.984375 0.1765625 0.021875 0.018359375
6 0.925 0.26640625 0.0203125 0.0109375
13 0.6015625 0.96953125 0.012109375 0.010546875
6 0.65625 0.9140625 0.012890625 0.021875
6 0.75703125 0.8625 0.021875 0.015625
6 0.7890625 0.8953125 0.0140625 0.01171875
6 0.640625 0.95 0.01328125 0.012890625
10 0.55390625 0.9609375 0.035546875 0.015234375
10 0.46484375 0.99296875 0.0578125 0.0140625
6 0.44765625 0.65 0.0171875 0.009765625
13 0.47890625 0.6625 0.01640625 0.01171875
10 0.46328125 0.5890625 0.04296875 0.0390625
11 0.1640625 0.53515625 0.04140625 0.034375
6 0.34375 0.59375 0.015234375 0.01953125
6 0.31796875 0.3015625 0.02890625 0.02578125
6 0.30703125 0.103125 0.017578125 0.02421875
6 0.14765625 0.3421875 0.01953125 0.0171875