13 0.0609375 0.81875 0.05234375 0.04296875
13 0.1234375 0.80703125 0.02578125 0.025
13 0.3859375 0.646875 0.05 0.0328125
13 0.43828125 0.66953125 0.040625 0.04140625
10 0.61796875 0.59296875 0.07890625 0.06171875
12 0.278125 0.8015625 0.034375 0.0515625
13 0.21640625 0.85703125 0.03515625 0.046875
13 0.32265625 0.70703125 0.04765625 0.07890625
13 0.31875 0.68046875 0.0796875 0.071875
11 0.8953125 0.36953125 0.1046875 0.0421875
11 0.9109375 0.40078125 0.10390625 0.06015625
10 0.75859375 0.64296875 0.08046875 0.1015625
13 0.8578125 0.53203125 0.078125 0.06953125
13 0.84140625 0.47734375 0.05234375 0.05234375
13 0.78828125 0.32109375 0.0234375 0.02265625
13 0.78828125 0.34453125 0.03515625 0.025
13 0.89140625 0.4625 0.03359375 0.0265625
13 0.92734375 0.5578125 0.03671875 0.034375
11 0.88515625 0.21484375 0.02109375 0.04140625
16 0.93828125 0.2625 0.11328125 0.0484375
13 0.84296875 0.1453125 0.02734375 0.01953125
13 0.890625 0.08984375 0.03203125 0.02109375
0 0.1671875 0.95703125 0.0203125 0.01875
0 0.27265625 0.93203125 0.0171875 0.0203125
12 0.37734375 0.79453125 0.0296875 0.0421875
0 0.8328125 0.62109375 0.01328125 0.015625
0 0.846875 0.609375 0.01015625 0.01328125
13 0.95 0.4875 0.01953125 0.0171875
15 0.89765625 0.2875 0.2046875 0.12890625
10 0.8953125 0.55 0.06875 0.0546875
12 0.4953125 0.71640625 0.02734375 0.028125
0 0.5421875 0.6140625 0.01328125 0.01484375
15 0.059375 0.90859375 0.11796875 0.18203125
15 0.57421875 0.709375 0.2828125 0.19609375
0 0.14765625 0.803125 0.01484375 0.01953125
13 0.23828125 0.81875 0.03125 0.02421875
13 0.22578125 0.9015625 0.0203125 0.03203125
13 0.20703125 0.89609375 0.015625 0.0296875
15 0.58671875 0.53984375 0.2046875 0.13828125
11 0.81171875 0.68046875 0.0453125 0.04296875
13 0.915625 0.65 0.053125 0.04140625