11 0.225 0.50546875 0.046484375 0.039453125
6 0.3921875 0.5921875 0.021875 0.033984375
6 0.42578125 0.325 0.02109375 0.021875
10 0.62265625 0.584375 0.076171875 0.06796875
12 0.67109375 0.49609375 0.0140625 0.0328125
6 0.6078125 0.5171875 0.03046875 0.01796875
6 0.72421875 0.59765625 0.029296875 0.038671875
6 0.78359375 0.60703125 0.0171875 0.01875
6 0.78046875 0.69375 0.0140625 0.01640625
6 0.73359375 0.4171875 0.023046875 0.012890625
0 0.87109375 0.3890625 0.010546875 0.012890625
13 0.91640625 0.34921875 0.02890625 0.03359375
10 0.96171875 0.38515625 0.0234375 0.015625
10 0.9625 0.4203125 0.074609375 0.066015625
11 0.9453125 0.465625 0.04921875 0.02421875
10 0.959375 0.325 0.06015625 0.05
10 0.8734375 0.2171875 0.06484375 0.04140625
10 0.8640625 0.1875 0.04453125 0.0234375
10 0.8625 0.1625 0.04453125 0.028515625
13 0.859375 0.28515625 0.021484375 0.0203125
10 0.80703125 0.17578125 0.0421875 0.029296875
13 0.77421875 0.2296875 0.0203125 0.012890625
6 0.83203125 0.18046875 0.00625 0.008203125
6 0.82421875 0.19765625 0.009375 0.0109375
6 0.778125 0.16328125 0.009765625 0.0125
0 0.72734375 0.15078125 0.007421875 0.007421875
6 0.8703125 0.02734375 0.012890625 0.010546875
6 0.83125 0.059375 0.021875 0.01328125
6 0.3625 0.79453125 0.021484375 0.01875
15 0.65703125 0.253125 0.0234375 0.01953125
15 0.63984375 0.18828125 0.016796875 0.0296875
6 0.6046875 0.21328125 0.02109375 0.0171875
6 0.85546875 0.25390625 0.013671875 0.0140625
16 0.3921875 0.00625 0.04765625 0.012109375
6 0.50546875 0.0453125 0.013671875 0.012109375
6 0.78828125 0.03828125 0.0296875 0.0265625
13 0.5703125 0.25546875 0.01640625 0.009375
6 0.53671875 0.2671875 0.017578125 0.01015625
10 0.659375 0.04453125 0.015234375 0.019921875
6 0.35390625 0.1578125 0.020703125 0.01640625