11 0.5515625 0.615625 0.04140625 0.0375
6 0.5984375 0.6203125 0.037109375 0.027734375
13 0.74453125 0.59296875 0.026171875 0.0234375
6 0.590625 0.33125 0.033984375 0.041015625
6 0.63046875 0.28671875 0.03125 0.03125
13 0.6625 0.19296875 0.0375 0.029296875
12 0.74765625 0.29609375 0.0234375 0.0265625
6 0.72734375 0.3 0.023046875 0.04375
10 0.8578125 0.30390625 0.05390625 0.048828125
10 0.959375 0.38046875 0.06328125 0.0546875
12 0.9671875 0.23984375 0.030859375 0.030078125
6 0.978125 0.2828125 0.015625 0.021484375
6 0.9671875 0.49921875 0.02578125 0.0375
6 0.94296875 0.4125 0.0390625 0.02421875
10 0.86015625 0.596875 0.048046875 0.0375
10 0.68984375 0.640625 0.0390625 0.03203125
10 0.57265625 0.446875 0.059375 0.053515625
13 0.51640625 0.4328125 0.0203125 0.015625
10 0.38359375 0.38046875 0.1515625 0.098828125
6 0.5265625 0.359375 0.01640625 0.021875
16 0.4703125 0.40078125 0.050390625 0.069921875
0 0.49296875 0.528125 0.0078125 0.01015625
6 0.503125 0.6265625 0.02578125 0.0375
6 0.44765625 0.50859375 0.04140625 0.03046875
10 0.62421875 0.4515625 0.0546875 0.04921875
10 0.65546875 0.5140625 0.038671875 0.046875
10 0.61875 0.4921875 0.081640625 0.06484375
10 0.625 0.52890625 0.046875 0.0390625
0 0.5921875 0.56328125 0.008984375 0.007421875
13 0.278125 0.42890625 0.037890625 0.039453125
12 0.27421875 0.3984375 0.023828125 0.022265625
10 0.17265625 0.31328125 0.04140625 0.0578125
13 0.12578125 0.21484375 0.0453125 0.0375
13 0.115625 0.2375 0.040625 0.050390625
13 0.09453125 0.1078125 0.061328125 0.031640625
10 0.0546875 0.05078125 0.041015625 0.039453125
13 0.02421875 0.03359375 0.02578125 0.0375
16 0.05546875 0.03046875 0.0890625 0.0609375
11 0.0203125 0.1078125 0.040625 0.06015625
13 0.0375 0.34921875 0.02265625 0.0296875
6 0.1140625 0.2578125 0.01640625 0.018359375
10 0.103125 0.31171875 0.0421875 0.0625
13 0.23046875 0.3453125 0.03984375 0.04609375
16 0.24375 0.32265625 0.066015625 0.026171875
10 0.2203125 0.29609375 0.05390625 0.0546875
6 0.2921875 0.33203125 0.015234375 0.035546875
6 0.28515625 0.2625 0.0203125 0.016015625
6 0.25078125 0.296875 0.017578125 0.01953125
6 0.26171875 0.2921875 0.0140625 0.012109375
6 0.246875 0.37890625 0.027734375 0.0125
6 0.253125 0.40234375 0.021875 0.0171875
13 0.22265625 0.50703125 0.019921875 0.017578125
6 0.2515625 0.5109375 0.03828125 0.028125
0 0.27265625 0.50390625 0.00703125 0.0078125
12 0.24921875 0.47421875 0.01953125 0.0203125
10 0.25546875 0.47109375 0.08125 0.060546875
6 0.55390625 0.56484375 0.05 0.0328125
0 0.2078125 0.07421875 0.025 0.03203125
0 0.19609375 0.14765625 0.01015625 0.01328125
10 0.1453125 0.140625 0.03359375 0.034765625
6 0.0609375 0.14375 0.046875 0.03828125
6 0.3703125 0.26640625 0.041015625 0.0390625
6 0.484375 0.20234375 0.10078125 0.028125
6 0.6375 0.16953125 0.03125 0.028125
6 0.64765625 0.1578125 0.04140625 0.0546875
6 0.83046875 0.3015625 0.023828125 0.033984375
6 0.85390625 0.19765625 0.01875 0.0171875
6 0.84609375 0.1453125 0.01875 0.01875
6 0.84765625 0.1046875 0.01640625 0.021875
6 0.75390625 0.3515625 0.01875 0.02265625
6 0.71171875 0.4796875 0.02265625 0.0203125
6 0.690625 0.61171875 0.016015625 0.015625
6 0.64609375 0.6390625 0.0140625 0.015625
12 0.6625 0.64765625 0.01328125 0.0140625
0 0.84375 0.51484375 0.012109375 0.011328125
6 0.95078125 0.56015625 0.03671875 0.02734375
6 0.971875 0.5359375 0.01640625 0.01796875
6 0.9625 0.43515625 0.025 0.01875
6 0.94296875 0.43125 0.025 0.0171875
6 0.9390625 0.596875 0.024609375 0.01796875
13 0.35546875 0.5171875 0.0140625 0.009765625
6 0.29453125 0.54453125 0.0203125 0.015625