10 0.7078125 0.734375 0.134765625 0.03828125
10 0.81796875 0.61015625 0.092578125 0.030078125
10 0.0375 0.6140625 0.075 0.02890625
10 0.1453125 0.55 0.10390625 0.0234375
10 0.20078125 0.534375 0.06875 0.015234375
10 0.20859375 0.51875 0.064453125 0.01796875
6 0.24765625 0.534375 0.014453125 0.00625
6 0.19453125 0.56796875 0.0234375 0.0078125
13 0.178125 0.58671875 0.030859375 0.011328125
0 0.12109375 0.65234375 0.015625 0.00703125
10 0.275 0.51875 0.06953125 0.01796875
6 0.303125 0.51328125 0.019140625 0.008203125
13 0.33046875 0.5484375 0.034375 0.0109375
0 0.3703125 0.50859375 0.009765625 0.0046875
15 0.53046875 0.571875 0.0390625 0.012890625
15 0.5546875 0.5390625 0.02421875 0.01640625
6 0.50859375 0.65859375 0.038671875 0.008203125
12 0.5296875 0.69453125 0.031640625 0.014453125
6 0.5796875 0.74375 0.046875 0.01953125
6 0.3875 0.7515625 0.027734375 0.009375
13 0.03984375 0.6328125 0.051953125 0.015234375
11 0.00703125 0.69609375 0.0140625 0.011328125
13 0.51015625 0.40234375 0.0203125 0.005078125
10 0.55703125 0.33671875 0.063671875 0.008203125
6 0.49375 0.44453125 0.028515625 0.008203125
10 0.575 0.40703125 0.046484375 0.008203125
12 0.60859375 0.38671875 0.019921875 0.005078125
10 0.75 0.3921875 0.1 0.01484375
16 0.75859375 0.37734375 0.0484375 0.0125
6 0.77734375 0.7109375 0.04375 0.018359375
6 0.696875 0.54921875 0.02578125 0.0125
6 0.23984375 0.46328125 0.0359375 0.00859375
6 0.1875 0.44375 0.022265625 0.005859375
6 0.425 0.41484375 0.0265625 0.00625
6 0.7796875 0.3109375 0.0390625 0.00859375