10 0.41484375 0.3359375 0.096875 0.04765625
10 0.5484375 0.53984375 0.103125 0.0296875
12 0.51171875 0.57109375 0.02890625 0.01328125
10 0.453125 0.6046875 0.03359375 0.01171875
11 0.74921875 0.55546875 0.0625 0.015625
11 0.49453125 0.69140625 0.04921875 0.0109375
10 0.47734375 0.71328125 0.0546875 0.023828125
10 0.5015625 0.7421875 0.053125 0.01796875
10 0.5125 0.715625 0.024609375 0.00625
13 0.54296875 0.7203125 0.028125 0.01015625
0 0.5515625 0.7015625 0.009375 0.003515625
13 0.58671875 0.72578125 0.023046875 0.005078125
10 0.59140625 0.7734375 0.05078125 0.01015625
10 0.5859375 0.75546875 0.075 0.0125
10 0.84375 0.64140625 0.02890625 0.009375
10 0.85234375 0.69609375 0.035546875 0.0078125
10 0.88984375 0.82265625 0.0484375 0.0078125
13 0.84140625 0.81796875 0.01875 0.0046875
10 0.9125 0.77265625 0.025 0.00625
10 0.965625 0.92421875 0.0390625 0.00859375
10 0.98515625 0.86015625 0.029296875 0.009375
12 0.9515625 0.8640625 0.01484375 0.00390625
10 0.8015625 0.909375 0.04921875 0.009375
13 0.64921875 0.79375 0.029296875 0.00703125
10 0.28359375 0.765625 0.08359375 0.015625
10 0.18359375 0.6921875 0.055078125 0.028125
10 0.01875 0.7515625 0.037109375 0.012890625
10 0.2546875 0.80859375 0.0296875 0.00859375
10 0.22578125 0.88984375 0.023828125 0.007421875
10 0.21015625 0.86484375 0.048828125 0.005078125
10 0.6015625 0.9484375 0.040625 0.00625
10 0.66796875 0.94765625 0.030078125 0.004296875
10 0.653125 0.75625 0.05625 0.01171875
13 0.5984375 0.803125 0.015625 0.003515625
13 0.66484375 0.71953125 0.0234375 0.00703125
6 0.64140625 0.7453125 0.0125 0.0046875
10 0.5875 0.76484375 0.04765625 0.009375
6 0.59609375 0.734375 0.013671875 0.00625
6 0.8375 0.55546875 0.034765625 0.010546875
6 0.52578125 0.57890625 0.03125 0.011328125
6 0.40390625 0.59921875 0.01875 0.008203125
6 0.07109375 0.6859375 0.017578125 0.005859375
6 0.584375 0.675 0.02578125 0.005859375
10 0.76484375 0.65 0.053125 0.021875
6 0.846875 0.66640625 0.02578125 0.007421875
6 0.8578125 0.72578125 0.01484375 0.00546875
0 0.72890625 0.74765625 0.009375 0.004296875
6 0.80546875 0.81875 0.0203125 0.006640625
6 0.7234375 0.80625 0.05546875 0.009375
0 0.39921875 0.75234375 0.013671875 0.004296875
6 0.04140625 0.7640625 0.0234375 0.006640625
6 0.18515625 0.55703125 0.01875 0.007421875
6 0.28359375 0.5546875 0.016796875 0.005859375
6 0.1359375 0.57265625 0.031640625 0.007421875
6 0.22890625 0.87734375 0.028125 0.0046875