11 0.775 0.53671875 0.041015625 0.0234375
10 0.58828125 0.528125 0.105078125 0.028125
6 0.8484375 0.546875 0.040625 0.01328125
6 0.47265625 0.59140625 0.0328125 0.0140625
12 0.5484375 0.5609375 0.028515625 0.012109375
10 0.78125 0.640625 0.081640625 0.02578125
6 0.878125 0.63125 0.03125 0.009375
11 0.4921875 0.68359375 0.040625 0.00859375
10 0.47734375 0.7046875 0.055078125 0.02265625
10 0.49921875 0.734375 0.05078125 0.0171875
10 0.6625 0.74765625 0.05234375 0.01328125
10 0.59453125 0.765625 0.053125 0.009375
10 0.2890625 0.7609375 0.06875 0.01328125
10 0.5921875 0.75703125 0.05078125 0.009375
10 0.5859375 0.746875 0.077734375 0.01171875
13 0.5453125 0.7109375 0.02734375 0.008984375
13 0.5921875 0.71640625 0.02265625 0.00625
13 0.67578125 0.7109375 0.023828125 0.006640625
10 0.4828125 0.33359375 0.10703125 0.046875
10 0.184375 0.68671875 0.066015625 0.029296875
16 0.0234375 0.7515625 0.046484375 0.021484375
6 0.6546875 0.7859375 0.028515625 0.006640625
10 0.915625 0.8140625 0.04921875 0.006640625
12 0.9828125 0.85546875 0.015234375 0.004296875
6 0.88203125 0.6890625 0.035546875 0.005859375
13 0.796875 0.6859375 0.018359375 0.006640625
6 0.42265625 0.58671875 0.017578125 0.007421875
6 0.19921875 0.546875 0.01875 0.006640625
6 0.14296875 0.56484375 0.033203125 0.0078125
6 0.309375 0.5421875 0.015234375 0.00625
0 0.39765625 0.7453125 0.008203125 0.003125
10 0.26015625 0.8078125 0.04140625 0.0109375
10 0.9875 0.915625 0.025 0.009375
10 0.82421875 0.9015625 0.048828125 0.00859375
10 0.62890625 0.94296875 0.03984375 0.00625
10 0.6921875 0.9421875 0.033984375 0.005859375
6 0.65234375 0.73671875 0.013671875 0.0046875
6 0.515625 0.70703125 0.025 0.00859375
0 0.55703125 0.69140625 0.0109375 0.005078125
0 0.74609375 0.7390625 0.0125 0.00390625
6 0.6015625 0.796875 0.018359375 0.00625
6 0.59765625 0.6640625 0.026171875 0.00625
6 0.0703125 0.68125 0.01875 0.00625
6 0.603125 0.72578125 0.015625 0.00625
6 0.696875 0.7484375 0.015234375 0.005859375
6 0.82265625 0.81171875 0.019921875 0.00625
13 0.86171875 0.8109375 0.019921875 0.005859375
10 0.234375 0.8609375 0.05546875 0.008984375
10 0.24765625 0.8859375 0.036328125 0.008984375
6 0.2515625 0.87421875 0.024609375 0.0046875