13 0.0609375 0.18125 0.052734375 0.043359375
13 0.1234375 0.19296875 0.02578125 0.025
13 0.3859375 0.353125 0.05 0.0328125
13 0.43828125 0.33046875 0.040625 0.041796875
10 0.61796875 0.40703125 0.079296875 0.061328125
12 0.278125 0.1984375 0.034375 0.05234375
13 0.21640625 0.14296875 0.035546875 0.046875
13 0.32265625 0.29296875 0.048046875 0.079296875
13 0.31875 0.31953125 0.08046875 0.071875
11 0.8953125 0.63046875 0.10390625 0.0421875
11 0.9109375 0.59921875 0.103515625 0.060546875
10 0.75859375 0.35703125 0.08046875 0.1015625
13 0.8578125 0.46796875 0.078125 0.069921875
13 0.84140625 0.52265625 0.051953125 0.051953125
13 0.78828125 0.67890625 0.0234375 0.023046875
13 0.78828125 0.65546875 0.035546875 0.025
13 0.89140625 0.5375 0.033203125 0.02578125
13 0.92734375 0.4421875 0.036328125 0.034375
11 0.88515625 0.78515625 0.020703125 0.041796875
16 0.93828125 0.7375 0.113671875 0.04921875
13 0.84296875 0.8546875 0.026953125 0.019140625
13 0.890625 0.91015625 0.031640625 0.020703125
0 0.1671875 0.04296875 0.02109375 0.01875
0 0.27265625 0.06796875 0.0171875 0.0203125
12 0.37734375 0.20546875 0.0296875 0.0421875
0 0.8328125 0.37890625 0.01328125 0.015625
0 0.846875 0.390625 0.009765625 0.012890625
13 0.95 0.5125 0.019140625 0.01796875
15 0.89765625 0.7125 0.2046875 0.128515625
10 0.8953125 0.45 0.06875 0.05546875
12 0.4953125 0.28359375 0.027734375 0.028125
0 0.5421875 0.3859375 0.012890625 0.015234375
15 0.059375 0.09140625 0.118359375 0.182421875
15 0.57421875 0.290625 0.2828125 0.196484375
0 0.14765625 0.196875 0.01484375 0.01953125
13 0.23828125 0.18125 0.03125 0.024609375
13 0.22578125 0.0984375 0.0203125 0.031640625
13 0.20703125 0.10390625 0.015625 0.0296875
15 0.58671875 0.46015625 0.2046875 0.138671875
11 0.81171875 0.31953125 0.0453125 0.042578125
13 0.915625 0.35 0.053125 0.041015625