13 0.9828125 0.19140625 0.02734375 0.045703125
11 0.93125 0.13203125 0.07578125 0.0375
13 0.8640625 0.31015625 0.0375 0.032421875
13 0.82109375 0.309375 0.0625 0.06875
13 0.7546875 0.265625 0.02421875 0.01640625
13 0.6765625 0.25625 0.071484375 0.071875
10 0.72265625 0.10625 0.0609375 0.06328125
10 0.728125 0.134375 0.03203125 0.02265625
13 0.6875 0.1234375 0.021484375 0.034375
10 0.6171875 0.146875 0.07265625 0.07578125
3 0.61796875 0.209375 0.04375 0.04921875
13 0.553125 0.13828125 0.040625 0.044921875
13 0.5203125 0.1859375 0.03125 0.034375
13 0.57890625 0.1984375 0.09375 0.06640625
10 0.49453125 0.2265625 0.06171875 0.0265625
12 0.46171875 0.2828125 0.033203125 0.03359375
0 0.4609375 0.24375 0.01484375 0.0140625
0 0.484375 0.296875 0.015625 0.012890625
13 0.48125 0.47109375 0.043359375 0.032421875
10 0.51328125 0.39140625 0.066796875 0.04375
13 0.41640625 0.165625 0.026953125 0.021875
13 0.340625 0.1640625 0.105859375 0.0875
15 0.34140625 0.409375 0.111328125 0.106640625
15 0.4578125 0.42890625 0.056640625 0.058203125
13 0.42421875 0.35 0.0609375 0.069140625
10 0.34140625 0.31640625 0.064453125 0.083203125
15 0.36875 0.340625 0.06328125 0.072265625
6 0.2171875 0.1359375 0.12890625 0.22734375
0 0.20625 0.0734375 0.012890625 0.02109375
13 0.1671875 0.10625 0.02734375 0.04453125
13 0.09453125 0.09296875 0.0359375 0.034375
16 0.0546875 0.08515625 0.109375 0.1359375
13 0.15234375 0.20546875 0.029296875 0.026171875
15 0.14140625 0.1234375 0.0828125 0.153125
13 0.0765625 0.465625 0.02890625 0.02265625
10 0.18671875 0.47734375 0.03515625 0.04765625
13 0.1734375 0.55859375 0.05859375 0.042578125
12 0.10078125 0.5578125 0.021875 0.025390625
13 0.09140625 0.52421875 0.069921875 0.0609375
13 0.03984375 0.54296875 0.039453125 0.034375
16 0.11484375 0.47890625 0.095703125 0.0390625
10 0.2765625 0.5015625 0.046484375 0.052734375
10 0.41484375 0.5359375 0.045703125 0.025
0 0.50546875 0.3703125 0.0109375 0.0125
10 0.61953125 0.43984375 0.082421875 0.08125
13 0.653125 0.54375 0.025 0.02578125
10 0.60546875 0.51875 0.05234375 0.04453125
13 0.60703125 0.54453125 0.021875 0.01640625
10 0.88515625 0.546875 0.035546875 0.03125
10 0.54921875 0.41953125 0.0328125 0.034375
13 0.17734375 0.64296875 0.02109375 0.01953125
13 0.01015625 0.61796875 0.0203125 0.023046875
13 0.14140625 0.6328125 0.033203125 0.03515625
13 0.1203125 0.5765625 0.025 0.02109375
15 0.06484375 0.58984375 0.1296875 0.0859375
10 0.58671875 0.36171875 0.035546875 0.0375
10 0.79453125 0.20546875 0.025 0.0265625
10 0.6796875 0.1515625 0.059375 0.037109375
10 0.5015625 0.265625 0.08984375 0.04375
13 0.50859375 0.24375 0.023046875 0.025
13 0.42578125 0.24921875 0.04140625 0.07109375
13 0.23828125 0.26875 0.023828125 0.01875
13 0.22265625 0.20390625 0.079296875 0.030078125
0 0.3796875 0.54609375 0.009375 0.0078125
13 0.371875 0.59765625 0.012890625 0.0125
13 0.3921875 0.52734375 0.028515625 0.025
15 0.34609375 0.528125 0.0625 0.06171875
15 0.63515625 0.37421875 0.082421875 0.08125