10 0.434375 0.596875 0.075390625 0.062890625
12 0.378125 0.509375 0.0140625 0.0296875
6 0.33125 0.61328125 0.028125 0.038671875
6 0.44765625 0.53125 0.030078125 0.016015625
6 0.3109375 0.43046875 0.02265625 0.014453125
0 0.16015625 0.40078125 0.009375 0.013671875
11 0.08515625 0.475 0.0515625 0.02421875
10 0.0546875 0.42890625 0.08359375 0.064453125
10 0.065625 0.3921875 0.025 0.01875
13 0.1109375 0.359375 0.0265625 0.0328125
10 0.06328125 0.3328125 0.0546875 0.05390625
13 0.1703125 0.29765625 0.021484375 0.01875
10 0.1671875 0.171875 0.043359375 0.027734375
10 0.1625 0.19765625 0.037890625 0.020703125
10 0.153125 0.2265625 0.065234375 0.040234375
10 0.221875 0.184375 0.0453125 0.02734375
6 0.203125 0.20703125 0.009375 0.010546875
6 0.24921875 0.175 0.010546875 0.01171875
13 0.25625 0.24140625 0.019140625 0.013671875
6 0.17265625 0.26484375 0.011328125 0.011328125
0 0.303125 0.1625 0.00546875 0.00546875
6 0.1984375 0.06796875 0.021484375 0.0140625
6 0.1609375 0.0359375 0.0125 0.01015625
10 0.3671875 0.0578125 0.021875 0.02109375
6 0.64609375 0.8046875 0.020703125 0.019140625
6 0.63203125 0.60234375 0.020703125 0.03125
11 0.76640625 0.48984375 0.045703125 0.040625
15 0.37265625 0.26328125 0.021875 0.0265625
15 0.39453125 0.19609375 0.01875 0.033203125
6 0.4328125 0.225 0.021484375 0.019140625
13 0.47421875 0.26640625 0.016796875 0.0125
6 0.50625 0.2765625 0.018359375 0.012109375
6 0.26640625 0.621875 0.015625 0.019140625
6 0.27890625 0.70703125 0.01015625 0.01484375
6 0.6078125 0.33203125 0.016015625 0.0234375
6 0.68046875 0.1640625 0.023046875 0.015234375