13 0.84609375 0.32421875 0.063671875 0.06875
13 0.88828125 0.32421875 0.038671875 0.0328125
13 0.7796875 0.27890625 0.022265625 0.01875
13 0.70546875 0.2703125 0.076953125 0.06640625
3 0.64296875 0.22578125 0.0453125 0.05
11 0.95625 0.14453125 0.0859375 0.0359375
15 0.371875 0.42109375 0.112109375 0.110546875
15 0.4828125 0.44296875 0.056640625 0.0609375
16 0.14296875 0.48984375 0.094921875 0.04375
10 0.2140625 0.4875 0.034765625 0.05
10 0.19765625 0.57109375 0.059375 0.040625
13 0.1171875 0.534375 0.0734375 0.05859375
13 0.06875 0.5546875 0.040625 0.034375
12 0.12578125 0.56953125 0.021875 0.028125
12 0.0328125 0.28828125 0.028125 0.038671875
16 0.0703125 0.10234375 0.1375 0.142578125
6 0.24609375 0.15390625 0.13046875 0.22265625
13 0.25078125 0.2203125 0.07734375 0.02578125
13 0.121875 0.1140625 0.03671875 0.037890625
13 0.1984375 0.12421875 0.027734375 0.046875
13 0.18203125 0.22265625 0.0296875 0.0265625
13 0.44453125 0.1828125 0.023828125 0.021484375
13 0.36875 0.18046875 0.105859375 0.0859375
10 0.63828125 0.16484375 0.0859375 0.082421875
13 0.60546875 0.2140625 0.09609375 0.06796875
13 0.5484375 0.2015625 0.028125 0.03359375
10 0.52265625 0.24375 0.0609375 0.028125
0 0.4890625 0.259375 0.012890625 0.015625
10 0.48984375 0.29765625 0.0328125 0.035546875
10 0.52578125 0.28046875 0.075 0.038671875
10 0.7546875 0.12109375 0.0796875 0.0703125
10 0.75390625 0.1515625 0.0296875 0.021875
13 0.71328125 0.1390625 0.0203125 0.03359375
13 0.6765625 0.55546875 0.025 0.026171875
10 0.64140625 0.45078125 0.07890625 0.08828125
10 0.5390625 0.40546875 0.065234375 0.041796875
13 0.50859375 0.4828125 0.038671875 0.031640625
10 0.5765625 0.43359375 0.02890625 0.0328125
10 0.63046875 0.5296875 0.051171875 0.04140625
13 0.453125 0.3625 0.0625 0.06953125
0 0.5109375 0.3125 0.01484375 0.012890625
13 0.03359375 0.63046875 0.0203125 0.019921875
10 0.3015625 0.51328125 0.04375 0.051171875
13 0.45 0.49921875 0.047265625 0.039453125
13 0.453125 0.2640625 0.040234375 0.06640625
13 0.5984375 0.26875 0.04375 0.02578125
13 0.58046875 0.15390625 0.040625 0.04375
10 0.909375 0.55546875 0.037890625 0.034375
13 0.6328125 0.55546875 0.02265625 0.0203125
15 0.40078125 0.52109375 0.132421875 0.088671875
15 0.115625 0.59765625 0.172265625 0.08125
13 0.20078125 0.653125 0.019921875 0.01796875
10 0.3734375 0.3203125 0.05625 0.066015625
15 0.396875 0.34765625 0.0625 0.06484375
15 0.6296875 0.3796875 0.1375 0.068359375
10 0.53203125 0.365625 0.084375 0.05625
10 0.8203125 0.2203125 0.0265625 0.0265625
13 0.525 0.19453125 0.031640625 0.026953125