11 0.41953125 0.66484375 0.03203125 0.06328125
12 0.36015625 0.7125 0.025 0.040625
15 0.46328125 0.66953125 0.02578125 0.03671875
10 0.4796875 0.5203125 0.0515625 0.0453125
0 0.5125 0.49296875 0.01328125 0.0171875
15 0.03828125 0.6390625 0.07578125 0.11796875
10 0.0625 0.56015625 0.04921875 0.04921875
13 0.15859375 0.48203125 0.05859375 0.04140625
12 0.23046875 0.4671875 0.021875 0.0265625
16 0.22890625 0.5421875 0.0890625 0.05078125
10 0.1625 0.55859375 0.03828125 0.0484375
13 0.2609375 0.55078125 0.02421875 0.02421875
10 0.33203125 0.42265625 0.02421875 0.0234375
15 0.54765625 0.79921875 0.22734375 0.1984375
13 0.42109375 0.75546875 0.0734375 0.06328125
11 0.43828125 0.828125 0.0359375 0.0859375
11 0.440625 0.7921875 0.03203125 0.05625
13 0.51328125 0.91640625 0.0515625 0.034375
11 0.62265625 0.721875 0.03046875 0.0609375
13 0.6765625 0.684375 0.02734375 0.040625
13 0.7390625 0.71875 0.03671875 0.03984375
10 0.7265625 0.79296875 0.09296875 0.08203125
11 0.8484375 0.59296875 0.0234375 0.0375
13 0.82734375 0.73203125 0.0296875 0.0359375
10 0.78515625 0.78359375 0.06796875 0.115625
11 0.73359375 0.37578125 0.02421875 0.05078125
13 0.83671875 0.3875 0.059375 0.04140625
13 0.86484375 0.33046875 0.03515625 0.0390625
13 0.5984375 0.25078125 0.03203125 0.0171875
11 0.71171875 0.3671875 0.02265625 0.04453125
13 0.7078125 0.2671875 0.03359375 0.0265625
13 0.678125 0.284375 0.03125 0.0421875
16 0.6125 0.2890625 0.08671875 0.0390625
13 0.6234375 0.56875 0.05078125 0.04375
12 0.56484375 0.6265625 0.02734375 0.0265625
0 0.4671875 0.6328125 0.01328125 0.0125
0 0.434375 0.7078125 0.01015625 0.0125
0 0.3984375 0.6234375 0.01328125 0.01640625
0 0.78515625 0.53515625 0.0125 0.0125
0 0.81640625 0.553125 0.0125 0.015625
0 0.8453125 0.5375 0.0171875 0.01484375
0 0.7609375 0.41484375 0.0109375 0.01328125
0 0.9203125 0.63984375 0.01171875 0.0125
12 0.95078125 0.5 0.025 0.025
13 0.91796875 0.5890625 0.0421875 0.0265625
10 0.9390625 0.61875 0.06328125 0.03828125
12 0.803125 0.4640625 0.0203125 0.02734375
13 0.6890625 0.8546875 0.03125 0.02890625
12 0.49375 0.41015625 0.01875 0.021875
13 0.43828125 0.45703125 0.06484375 0.0515625
13 0.490625 0.4265625 0.0265625 0.02421875
13 0.51875 0.45 0.0609375 0.0390625
16 0.459375 0.17734375 0.05390625 0.07578125
10 0.89375 0.55 0.05546875 0.0484375
13 0.428125 0.51875 0.025 0.028125
10 0.5390625 0.66171875 0.05625 0.07734375
12 0.40703125 0.578125 0.02421875 0.0203125
13 0.29140625 0.465625 0.04140625 0.0328125
6 0.14765625 0.90390625 0.1453125 0.1921875
13 0.203125 0.92265625 0.02578125 0.04765625
16 0.31328125 0.91015625 0.121875 0.12578125
13 0.27109375 0.91484375 0.028125 0.02578125
15 0.24140625 0.91796875 0.1015625 0.15625
13 0.2125 0.82265625 0.03125 0.03046875
15 0.0640625 0.75859375 0.128125 0.1234375
12 0.20703125 0.4515625 0.0234375 0.021875
15 0.525 0.58046875 0.09140625 0.1015625
12 0.5703125 0.48515625 0.02578125 0.0234375
13 0.58828125 0.67109375 0.03046875 0.03203125
10 0.59765625 0.63828125 0.0375 0.03515625
13 0.44140625 0.584375 0.0828125 0.06015625
13 0.3 0.4328125 0.0234375 0.02578125
13 0.3078125 0.39140625 0.01875 0.01640625
15 0.86640625 0.46953125 0.19296875 0.11015625
16 0.58203125 0.3671875 0.1671875 0.0828125