13 0.53515625 0.553125 0.0484375 0.046484375
13 0.48671875 0.66796875 0.0390625 0.041796875
13 0.41640625 0.70390625 0.02890625 0.04375
12 0.8625 0.72265625 0.03125 0.042578125
12 0.73046875 0.85234375 0.040625 0.069921875
11 0.76484375 0.665625 0.03515625 0.059375
15 0.65625 0.78359375 0.23125 0.214453125
13 0.66640625 0.9234375 0.05390625 0.05
10 0.625 0.9 0.04140625 0.040625
12 0.97890625 0.4640625 0.026171875 0.02734375
16 0.96328125 0.540625 0.073046875 0.047265625
13 0.97265625 0.49921875 0.0546875 0.058203125
13 0.9109375 0.44375 0.05078125 0.0234375
0 0.8015625 0.7078125 0.012109375 0.015625
0 0.83984375 0.62734375 0.013671875 0.0171875
0 0.771875 0.62421875 0.0125 0.016796875
13 0.79609375 0.5140625 0.03125 0.033984375
13 0.68125 0.40625 0.03046875 0.02578125
12 0.6859375 0.3890625 0.01953125 0.02265625
0 0.64609375 0.46484375 0.0125 0.0171875
11 0.5640625 0.70546875 0.034765625 0.073828125
10 0.4484375 0.778125 0.096875 0.084765625
11 0.44609375 0.3328125 0.026171875 0.05390625
11 0.4765625 0.31953125 0.027734375 0.048828125
13 0.30390625 0.3421875 0.0640625 0.0453125
13 0.27578125 0.2796875 0.0296875 0.041015625
11 0.3 0.5609375 0.0234375 0.04140625
12 0.32734375 0.5625 0.03125 0.025390625
16 0.8640625 0.946875 0.1703125 0.10625
13 0.93203125 0.97578125 0.0265625 0.021875
11 0.73828125 0.82578125 0.0375 0.0640625
16 0.734375 0.14765625 0.078125 0.0734375
16 0.5671875 0.2484375 0.071484375 0.05390625
16 0.5765625 0.334375 0.165234375 0.055859375
13 0.7390625 0.45 0.077734375 0.059765625
10 0.70703125 0.5078125 0.0609375 0.046875
12 0.59765625 0.4640625 0.026953125 0.030859375
13 0.58984375 0.2015625 0.03125 0.025
13 0.584375 0.64765625 0.022265625 0.0328125
10 0.81796875 0.44921875 0.057421875 0.063671875
10 0.890625 0.40078125 0.028125 0.026171875
15 0.95546875 0.396875 0.0890625 0.0734375
13 0.89453125 0.4265625 0.015625 0.01640625
13 0.78515625 0.74765625 0.055078125 0.086328125
12 0.38125 0.44453125 0.022265625 0.029296875
13 0.334375 0.49296875 0.024609375 0.025
10 0.1390625 0.36953125 0.0625 0.045703125
10 0.04609375 0.21171875 0.051953125 0.041796875
10 0.18203125 0.08125 0.038671875 0.024609375
11 0.11328125 0.10234375 0.03515625 0.04140625
13 0.07109375 0.49375 0.069921875 0.030859375
13 0.07109375 0.56171875 0.020703125 0.025
13 0.21015625 0.546875 0.03984375 0.0328125
13 0.3328125 0.71328125 0.027734375 0.034375
10 0.38125 0.77421875 0.075390625 0.123046875
15 0.31953125 0.74921875 0.167578125 0.148046875
0 0.4296875 0.36796875 0.009375 0.0140625
0 0.3171875 0.50546875 0.016015625 0.019921875