6 0.5171875 0.59609375 0.031640625 0.01875
12 0.60390625 0.5703125 0.0125 0.031640625
6 0.63828125 0.6765625 0.026953125 0.03984375
10 0.54296875 0.66015625 0.076171875 0.0671875
6 0.528125 0.29921875 0.01796875 0.0203125
13 0.71015625 0.30546875 0.01875 0.0171875
6 0.72109375 0.240625 0.0109375 0.012109375
10 0.7453125 0.24921875 0.047265625 0.030078125
6 0.76640625 0.18203125 0.01328125 0.0125
10 0.78984375 0.23984375 0.041796875 0.028125
10 0.79296875 0.26875 0.03984375 0.0328125
10 0.815625 0.2921875 0.052734375 0.03984375
6 0.7875 0.328125 0.01328125 0.0125
6 0.76015625 0.27265625 0.009375 0.010546875
13 0.79296875 0.36171875 0.01875 0.0203125
13 0.8609375 0.425 0.025 0.030859375
0 0.81640625 0.46796875 0.008203125 0.011328125
10 0.8953125 0.3984375 0.05625 0.046484375
0 0.93125 0.38515625 0.0078125 0.01015625
6 0.91015625 0.46171875 0.023828125 0.020703125
10 0.9171875 0.49609375 0.087109375 0.063671875
11 0.890625 0.54453125 0.052734375 0.030078125
10 0.9828125 0.321875 0.034375 0.0375
0 0.66640625 0.228125 0.00625 0.006640625
6 0.66484375 0.396875 0.016796875 0.01875
6 0.6546875 0.49921875 0.021484375 0.013671875
6 0.7078125 0.67734375 0.016015625 0.016796875
6 0.6921875 0.75703125 0.01015625 0.014453125
6 0.984375 0.8234375 0.021875 0.018359375
6 0.925 0.73359375 0.01953125 0.0109375
13 0.6015625 0.03046875 0.01171875 0.01015625
6 0.65625 0.0859375 0.012890625 0.021875
6 0.75703125 0.1375 0.021875 0.015625
6 0.7890625 0.1046875 0.0140625 0.01171875
6 0.640625 0.05 0.01328125 0.012890625
10 0.55390625 0.0390625 0.035546875 0.015234375
10 0.46484375 0.00703125 0.0578125 0.0140625
6 0.44765625 0.35 0.0171875 0.009765625
13 0.47890625 0.3375 0.01640625 0.01171875
10 0.46328125 0.4109375 0.04296875 0.0390625
11 0.1640625 0.46484375 0.04140625 0.034375
6 0.34375 0.40625 0.015234375 0.01953125
6 0.31796875 0.6984375 0.029296875 0.025390625
6 0.30703125 0.896875 0.017578125 0.02421875
6 0.14765625 0.6578125 0.019921875 0.01640625