6 0.39140625 0.60390625 0.01953125 0.0203125
13 0.45078125 0.65078125 0.025 0.0265625
13 0.48671875 0.68203125 0.01640625 0.0390625
13 0.4203125 0.675 0.043359375 0.025390625
6 0.40546875 0.8203125 0.01796875 0.02109375
10 0.42421875 0.79765625 0.044921875 0.059375
12 0.26328125 0.88046875 0.019921875 0.0203125
12 0.2859375 0.91171875 0.02265625 0.026171875
10 0.30625 0.8765625 0.059375 0.059765625
10 0.34296875 0.8734375 0.025 0.024609375
10 0.1390625 0.84140625 0.047265625 0.051171875
10 0.16171875 0.815625 0.05078125 0.0453125
6 0.23828125 0.83125 0.015625 0.01796875
0 0.23125 0.92109375 0.009375 0.0125
6 0.2484375 0.8828125 0.0125 0.01875
0 0.58046875 0.41328125 0.016796875 0.029296875