11 0.090625 0.7703125 0.050390625 0.03359375
6 0.11328125 0.790625 0.028125 0.046875
10 0.3234375 0.68046875 0.075390625 0.088671875
6 0.2953125 0.60703125 0.0296875 0.034375
12 0.31875 0.58984375 0.02265625 0.03359375
6 0.41171875 0.58203125 0.026171875 0.040625
6 0.44296875 0.5671875 0.01328125 0.01953125
6 0.73515625 0.53671875 0.01875 0.023828125
13 0.796875 0.51875 0.01796875 0.027734375
13 0.77578125 0.49375 0.03515625 0.02421875
13 0.8359375 0.50078125 0.02109375 0.03515625
6 0.76796875 0.37890625 0.015625 0.014453125
10 0.784375 0.4 0.037109375 0.046875
6 0.65703125 0.353125 0.0109375 0.012109375
12 0.675 0.32265625 0.0125 0.017578125
6 0.6640625 0.3203125 0.0078125 0.009375
0 0.65546875 0.29140625 0.0078125 0.0078125
6 0.65859375 0.28125 0.013671875 0.01171875
6 0.66875 0.27578125 0.012109375 0.013671875
12 0.69375 0.30546875 0.018359375 0.0171875
10 0.70625 0.3265625 0.046484375 0.0375
10 0.69921875 0.25078125 0.03671875 0.04140625
10 0.596875 0.32109375 0.03828125 0.03203125
10 0.61328125 0.34609375 0.035546875 0.032421875
16 0.628125 0.2125 0.03125 0.046875
10 0.48515625 0.203125 0.04921875 0.03203125
10 0.42890625 0.3484375 0.04375 0.06015625
11 0.4296875 0.3921875 0.01875 0.03125
6 0.4046875 0.34375 0.015625 0.0171875
10 0.40546875 0.29609375 0.0421875 0.038671875
13 0.37734375 0.340625 0.020703125 0.021484375
0 0.3703125 0.38515625 0.008984375 0.0109375
0 0.4484375 0.25625 0.00859375 0.006640625
10 0.30390625 0.2359375 0.039453125 0.025390625
10 0.3109375 0.2546875 0.03515625 0.01796875
10 0.3203125 0.2734375 0.05390625 0.02734375
6 0.3203125 0.30703125 0.01015625 0.0125
13 0.33125 0.328125 0.019140625 0.015234375
6 0.284375 0.2640625 0.008984375 0.009765625
6 0.27265625 0.29375 0.008203125 0.009375
6 0.240625 0.1859375 0.02421875 0.01875
6 0.26953125 0.15 0.011328125 0.012890625
10 0.24453125 0.284375 0.04609375 0.03984375
6 0.21640625 0.28515625 0.0109375 0.013671875
13 0.25703125 0.33828125 0.0171875 0.01640625
0 0.18984375 0.30625 0.0078125 0.009765625