11 0.26640625 0.5421875 0.04375 0.025
10 0.45234375 0.53828125 0.101953125 0.030078125
12 0.4859375 0.5703125 0.02890625 0.01328125
10 0.55703125 0.3421875 0.09375 0.04609375
6 0.55859375 0.6 0.03359375 0.01484375
6 0.6078125 0.59453125 0.01796875 0.01015625
10 0.834375 0.68984375 0.05703125 0.026953125
6 0.9484375 0.68359375 0.01875 0.00625
10 0.9765625 0.7484375 0.046875 0.018359375
10 0.72578125 0.76484375 0.070703125 0.014453125
10 0.51875 0.7390625 0.053125 0.018359375
10 0.54140625 0.70859375 0.054296875 0.025
11 0.52265625 0.6890625 0.0515625 0.009765625
6 0.5046875 0.7109375 0.025 0.006640625
0 0.46484375 0.696875 0.009375 0.003125
13 0.47421875 0.715625 0.0265625 0.01015625
13 0.428125 0.721875 0.02421875 0.00625
6 0.41796875 0.73125 0.0140625 0.00546875
10 0.42109375 0.7703125 0.051171875 0.009765625
10 0.4265625 0.7625 0.0453125 0.00859375
10 0.42890625 0.75234375 0.076953125 0.013671875
6 0.36875 0.74140625 0.012109375 0.0046875
10 0.359375 0.75234375 0.053515625 0.011328125
6 0.325 0.753125 0.01328125 0.00546875
13 0.34921875 0.7171875 0.02265625 0.00703125
6 0.36328125 0.790625 0.029296875 0.006640625
6 0.4125 0.8015625 0.018359375 0.005859375
0 0.27890625 0.74453125 0.009375 0.003125
6 0.20078125 0.81640625 0.023046875 0.007421875
13 0.1640625 0.81640625 0.0203125 0.00546875
6 0.165625 0.72578125 0.015625 0.0046875
6 0.153125 0.69609375 0.034375 0.00625
13 0.23671875 0.6921875 0.01875 0.00859375
6 0.26796875 0.70546875 0.0203125 0.008203125
10 0.23203125 0.64921875 0.0375 0.021875
6 0.1890625 0.55390625 0.0359375 0.0125
6 0.159375 0.63828125 0.031640625 0.0078125
6 0.165625 0.66953125 0.0265625 0.00625
10 0.1921875 0.90625 0.056640625 0.009375
6 0.02421875 0.91875 0.0390625 0.009765625