11 0.26640625 0.4578125 0.04375 0.025
10 0.45234375 0.46171875 0.10234375 0.03046875
12 0.4859375 0.4296875 0.02890625 0.01328125
10 0.55703125 0.6578125 0.09375 0.0453125
6 0.55859375 0.4 0.03359375 0.01484375
6 0.6078125 0.40546875 0.01796875 0.01015625
10 0.834375 0.31015625 0.0578125 0.02734375
6 0.9484375 0.31640625 0.01875 0.00625
10 0.9765625 0.2515625 0.046875 0.01796875
10 0.72578125 0.23515625 0.07109375 0.01484375
10 0.51875 0.2609375 0.053125 0.01796875
10 0.54140625 0.29140625 0.05390625 0.025
11 0.52265625 0.3109375 0.0515625 0.01015625
6 0.5046875 0.2890625 0.025 0.00703125
0 0.46484375 0.303125 0.009375 0.003125
13 0.47421875 0.284375 0.0265625 0.01015625
13 0.428125 0.278125 0.0234375 0.00625
6 0.41796875 0.26875 0.0140625 0.0046875
10 0.42109375 0.2296875 0.05078125 0.01015625
10 0.4265625 0.2375 0.0453125 0.00859375
10 0.42890625 0.24765625 0.07734375 0.01328125
6 0.36875 0.25859375 0.01171875 0.0046875
10 0.359375 0.24765625 0.05390625 0.01171875
6 0.325 0.246875 0.01328125 0.00546875
13 0.34921875 0.2828125 0.02265625 0.00703125
6 0.36328125 0.209375 0.02890625 0.00703125
6 0.4125 0.1984375 0.01796875 0.00546875
0 0.27890625 0.25546875 0.009375 0.003125
6 0.20078125 0.18359375 0.02265625 0.00703125
13 0.1640625 0.18359375 0.0203125 0.00546875
6 0.165625 0.27421875 0.015625 0.0046875
6 0.153125 0.30390625 0.034375 0.00625
13 0.23671875 0.3078125 0.01875 0.0078125
6 0.26796875 0.29453125 0.0203125 0.00859375
10 0.23203125 0.35078125 0.0375 0.021875
6 0.1890625 0.44609375 0.0359375 0.0125
6 0.159375 0.36171875 0.03203125 0.0078125
6 0.165625 0.33046875 0.0265625 0.00625
10 0.1921875 0.09375 0.05703125 0.009375
6 0.02421875 0.08125 0.0390625 0.01015625