11 0.12109375 0.60234375 0.059375 0.0421875
13 0.565625 0.55390625 0.03046875 0.02421875
10 0.6375 0.84765625 0.1140625 0.08984375
0 0.66484375 0.7515625 0.01171875 0.0171875
10 0.63984375 0.49765625 0.065625 0.0453125
10 0.69921875 0.51953125 0.0640625 0.07421875
10 0.71640625 0.409375 0.05 0.04296875
10 0.76484375 0.38203125 0.04765625 0.04609375
12 0.8328125 0.38984375 0.0203125 0.025
6 0.91953125 0.49140625 0.02109375 0.0171875
10 0.96015625 0.6296875 0.0796875 0.075
10 0.92890625 0.7515625 0.1140625 0.128125
10 0.9265625 0.86015625 0.13046875 0.090625
13 0.8734375 0.909375 0.059375 0.05
10 0.90859375 0.94921875 0.09765625 0.08359375
0 0.82734375 0.9359375 0.01484375 0.01875
6 0.840625 0.9859375 0.046875 0.028125
13 0.7609375 0.75625 0.01328125 0.021875
6 0.771875 0.89375 0.0203125 0.02265625
0 0.453125 0.80703125 0.0140625 0.0171875
6 0.4859375 0.5140625 0.02109375 0.0203125
6 0.47109375 0.53515625 0.01796875 0.02421875
13 0.63203125 0.34921875 0.025 0.02109375
16 0.825 0.0671875 0.03671875 0.0390625
10 0.6203125 0.2765625 0.06015625 0.05625
16 0.43984375 0.228125 0.07578125 0.03359375
10 0.4921875 0.0765625 0.04296875 0.0296875
6 0.3875 0.67109375 0.01953125 0.02109375
6 0.37109375 0.7890625 0.015625 0.0171875
6 0.57890625 0.2640625 0.0234375 0.02578125