16 0.6109375 0.3296875 0.078515625 0.025390625
10 0.56171875 0.1828125 0.0453125 0.02578125
10 0.42890625 0.36875 0.057421875 0.05
13 0.42109375 0.44453125 0.0234375 0.01796875
10 0.33203125 0.509375 0.05703125 0.0546875
10 0.2875 0.46953125 0.04921875 0.046875
16 0.24375 0.16015625 0.03515625 0.04296875
12 0.21875 0.47421875 0.018359375 0.025
10 0.10234375 0.70625 0.0828125 0.065625
10 0.12734375 0.8328125 0.109375 0.125
10 0.1234375 0.9421875 0.130859375 0.090234375
13 0.175 0.9828125 0.059375 0.034375
10 0.40390625 0.94453125 0.128125 0.110546875
0 0.37734375 0.83984375 0.01484375 0.0203125
13 0.4765625 0.66015625 0.028515625 0.021875
10 0.409375 0.59765625 0.07109375 0.0578125
10 0.3484375 0.61796875 0.065625 0.078125
0 0.56875 0.90859375 0.012890625 0.015625
6 0.54765625 0.60859375 0.021875 0.01875
6 0.56171875 0.63359375 0.014453125 0.020703125