11 0.93125 0.615625 0.062109375 0.0375
13 0.44765625 0.56640625 0.029296875 0.0234375
10 0.3703125 0.5125 0.065625 0.050390625
13 0.38125 0.36796875 0.02578125 0.01875
10 0.28515625 0.4359375 0.0625 0.0609375
10 0.23515625 0.40234375 0.053125 0.0515625
10 0.3046875 0.5375 0.07265625 0.078515625
12 0.15625 0.41015625 0.01953125 0.028125
10 0.05546875 0.76171875 0.1109375 0.129296875
10 0.03515625 0.64296875 0.06953125 0.07578125
10 0.059375 0.875 0.11875 0.09453125
13 0.1109375 0.921875 0.062890625 0.05
10 0.0734375 0.95859375 0.097265625 0.082421875
0 0.159375 0.94296875 0.015234375 0.0234375
10 0.36484375 0.84921875 0.115625 0.1
0 0.33671875 0.7578125 0.014453125 0.022265625
16 0.1640625 0.084375 0.041015625 0.040234375
6 0.22890625 0.440625 0.026171875 0.027734375
16 0.58515625 0.2375 0.076953125 0.03828125
10 0.39453125 0.29375 0.0671875 0.05703125
10 0.52890625 0.0921875 0.044921875 0.021875
0 0.55625 0.81015625 0.0125 0.017578125
6 0.52890625 0.51953125 0.021875 0.0234375
6 0.54453125 0.53984375 0.016796875 0.019921875