11 0.06875 0.615625 0.062109375 0.0375
13 0.55234375 0.56640625 0.029296875 0.0234375
10 0.6296875 0.5125 0.065625 0.050390625
13 0.61875 0.36796875 0.025390625 0.01875
10 0.71484375 0.4359375 0.0625 0.0609375
10 0.76484375 0.40234375 0.053125 0.0515625
10 0.6953125 0.5375 0.07265625 0.078515625
12 0.84375 0.41015625 0.01953125 0.028125
10 0.94453125 0.76171875 0.1109375 0.129296875
10 0.96484375 0.64296875 0.069921875 0.076171875
10 0.940625 0.875 0.11875 0.09453125
13 0.8890625 0.921875 0.062890625 0.05
10 0.9265625 0.95859375 0.097265625 0.082421875
0 0.840625 0.94296875 0.015234375 0.0234375
10 0.63515625 0.84921875 0.115625 0.1
0 0.66328125 0.7578125 0.014453125 0.022265625
16 0.8359375 0.084375 0.041015625 0.040234375
6 0.77109375 0.440625 0.026171875 0.027734375
16 0.41484375 0.2375 0.07734375 0.0390625
10 0.60546875 0.29375 0.0671875 0.056640625
10 0.47109375 0.0921875 0.044921875 0.021875
0 0.44375 0.81015625 0.0125 0.017578125
6 0.47109375 0.51953125 0.021875 0.0234375
6 0.45546875 0.53984375 0.01640625 0.01953125