10 0.53984375 0.39921875 0.092578125 0.1078125
12 0.50078125 0.38671875 0.029296875 0.0328125
12 0.4171875 0.5015625 0.03125 0.04375
10 0.4609375 0.4796875 0.087109375 0.09765625
6 0.59140625 0.175 0.03125 0.04296875
0 0.4953125 0.59921875 0.0125 0.0171875
13 0.2828125 0.45625 0.016015625 0.04921875
0 0.315625 0.39921875 0.015625 0.019921875
10 0.0390625 0.421875 0.03125 0.071484375
16 0.03125 0.4328125 0.06171875 0.065625
10 0.02109375 0.346875 0.0421875 0.06875
15 0.125 0.428125 0.03125 0.052734375
15 0.2375 0.484375 0.024609375 0.043359375