0 0.4359375 0.5578125 0.01484375 0.01875
10 0.51796875 0.553125 0.08828125 0.07578125
10 0.54453125 0.46875 0.11875 0.1015625
10 0.54140625 0.36484375 0.10703125 0.128125
10 0.69296875 0.56171875 0.028125 0.071875
16 0.65078125 0.54296875 0.13984375 0.0515625
10 0.5765625 0.7375 0.075 0.08125
10 0.6375 0.69375 0.0828125 0.0921875
10 0.6109375 0.59765625 0.16640625 0.10703125
11 0.53046875 0.665625 0.06640625 0.03828125
6 0.64453125 0.9671875 0.03125 0.03828125
13 0.91953125 0.61484375 0.01640625 0.04921875
0 0.96484375 0.6859375 0.015625 0.028125
10 0.56875 0.2375 0.08671875 0.0578125
6 0.71875 0.0296875 0.0328125 0.034375
10 0.31640625 0.19140625 0.0828125 0.090625
10 0.24140625 0.1796875 0.07421875 0.0609375
10 0.22890625 0.50234375 0.1265625 0.09296875
10 0.3390625 0.06796875 0.053125 0.05546875
10 0.3796875 0.01796875 0.0296875 0.03359375
12 0.478125 0.015625 0.01640625 0.0265625
6 0.52265625 0.11640625 0.01875 0.01796875
13 0.234375 0.01640625 0.02578125 0.0203125
13 0.16171875 0.25703125 0.0296875 0.028125
13 0.08203125 0.72578125 0.04140625 0.04140625