10 0.53984375 0.60078125 0.09296875 0.1078125
12 0.50078125 0.61328125 0.02890625 0.0328125
12 0.4171875 0.4984375 0.03125 0.04375
10 0.4609375 0.5203125 0.08671875 0.0984375
6 0.59140625 0.825 0.03125 0.0421875
0 0.4953125 0.40078125 0.0125 0.0171875
13 0.2828125 0.54375 0.01640625 0.0484375
0 0.315625 0.60078125 0.015625 0.01953125
10 0.0390625 0.578125 0.03125 0.07109375
16 0.03125 0.5671875 0.06171875 0.065625
10 0.02109375 0.653125 0.0421875 0.06875
15 0.125 0.571875 0.03125 0.05234375
15 0.2375 0.515625 0.02421875 0.04296875