13 0.4359375 0.534375 0.01484375 0.04765625
0 0.4703125 0.59296875 0.0140625 0.021875
12 0.55859375 0.50859375 0.0296875 0.0421875
10 0.60390625 0.528125 0.0859375 0.0953125
0 0.63515625 0.41640625 0.0125 0.01875
12 0.6453125 0.621875 0.028125 0.03125
10 0.6828125 0.6125 0.08828125 0.10546875
6 0.734375 0.82265625 0.03046875 0.03984375
6 0.39296875 0.5015625 0.02265625 0.034375
10 0.2203125 0.54375 0.0328125 0.07265625
10 0.053125 0.38984375 0.10546875 0.12578125
10 0.06328125 0.5015625 0.1265625 0.10546875
13 0.01640625 0.5609375 0.0328125 0.05
10 0.03984375 0.5953125 0.07578125 0.096875
10 0.13515625 0.62109375 0.16640625 0.11171875
11 0.06171875 0.703125 0.08828125 0.0703125
10 0.15625 0.70859375 0.09453125 0.096875
6 0.09921875 0.7828125 0.08515625 0.09765625
16 0.171875 0.546875 0.14296875 0.08515625
10 0.059375 0.25859375 0.09453125 0.07578125