11 0.12109375 0.39765625 0.059375 0.0421875
13 0.565625 0.44609375 0.030859375 0.023828125
10 0.6375 0.15234375 0.11328125 0.089453125
0 0.66484375 0.2484375 0.011328125 0.01640625
10 0.63984375 0.50234375 0.065625 0.0453125
10 0.69921875 0.48046875 0.0640625 0.073828125
10 0.71640625 0.590625 0.05 0.04296875
10 0.76484375 0.61796875 0.048046875 0.045703125
12 0.8328125 0.61015625 0.02109375 0.025
6 0.91953125 0.50859375 0.020703125 0.0171875
10 0.96015625 0.3703125 0.0796875 0.075
10 0.92890625 0.2484375 0.1140625 0.128125
10 0.9265625 0.13984375 0.130859375 0.090625
13 0.8734375 0.090625 0.059375 0.05
10 0.90859375 0.05078125 0.098046875 0.083203125
0 0.82734375 0.0640625 0.01484375 0.01875
6 0.840625 0.0140625 0.046875 0.028125
13 0.7609375 0.24375 0.012890625 0.021875
6 0.771875 0.10625 0.01953125 0.022265625
0 0.453125 0.19296875 0.01328125 0.0171875
6 0.4859375 0.4859375 0.021484375 0.02109375
6 0.47109375 0.46484375 0.017578125 0.023828125
13 0.63203125 0.65078125 0.025 0.020703125
16 0.825 0.9328125 0.037109375 0.03984375
10 0.6203125 0.7234375 0.059765625 0.05625
16 0.43984375 0.771875 0.076171875 0.033984375
10 0.4921875 0.9234375 0.043359375 0.02890625
6 0.3875 0.32890625 0.019140625 0.020703125
6 0.37109375 0.2109375 0.015625 0.01640625
6 0.57890625 0.7359375 0.0234375 0.025390625