10 0.49140625 0.66640625 0.08671875 0.08984375
10 0.434375 0.7171875 0.0734375 0.08828125
11 0.396875 0.64765625 0.07734375 0.04296875
13 0.340625 0.51015625 0.05625 0.04140625
10 0.36875 0.5390625 0.0859375 0.0796875
10 0.4640625 0.58203125 0.15859375 0.0875
10 0.540625 0.5359375 0.02421875 0.0703125
16 0.49765625 0.52421875 0.13515625 0.05
13 0.7609375 0.57578125 0.01796875 0.0515625
12 0.8859375 0.58046875 0.03359375 0.05
10 0.9359375 0.60078125 0.09296875 0.0953125
12 0.9796875 0.70078125 0.03359375 0.0359375
10 0.40078125 0.23203125 0.078125 0.0640625
10 0.3828125 0.35703125 0.1015625 0.1125
10 0.38984375 0.45703125 0.1265625 0.09296875
10 0.09375 0.49921875 0.1109375 0.09453125
10 0.159375 0.2 0.08515625 0.096875
10 0.090625 0.1953125 0.07109375 0.05234375
13 0.07109375 0.02890625 0.0265625 0.02109375
10 0.17421875 0.07421875 0.0484375 0.04375
10 0.225 0.0375 0.04921875 0.0484375
6 0.35625 0.11796875 0.02265625 0.0171875
0 0.29453125 0.55078125 0.01328125 0.0203125
6 0.5046875 0.9359375 0.02890625 0.04921875
6 0.30078125 0.5984375 0.0421875 0.04453125
13 0.01796875 0.27421875 0.03203125 0.0359375
0 0.1296875 0.40625 0.015625 0.01953125
12 0.31953125 0.01796875 0.015625 0.028125