11 0.73046875 0.346875 0.05 0.03671875
13 0.73828125 0.25703125 0.0421875 0.04375
6 0.62421875 0.3421875 0.035546875 0.03515625
6 0.65234375 0.3359375 0.02421875 0.0265625
10 0.36640625 0.46015625 0.038671875 0.048046875
6 0.31484375 0.3609375 0.017578125 0.025
10 0.33984375 0.48984375 0.04375 0.04375
11 0.43515625 0.521875 0.0171875 0.04296875
10 0.35234375 0.5375 0.029296875 0.033984375
16 0.38359375 0.55859375 0.057421875 0.040625
10 0.4015625 0.52734375 0.077734375 0.0609375
10 0.4328125 0.56171875 0.034765625 0.0453125
6 0.45625 0.52734375 0.01328125 0.026171875
0 0.48984375 0.54453125 0.0078125 0.0109375
13 0.475 0.55703125 0.02265625 0.03046875
10 0.45546875 0.609375 0.06484375 0.04609375
10 0.4625 0.65859375 0.059765625 0.048828125
10 0.45546875 0.734375 0.05 0.030859375
6 0.46640625 0.7875 0.017578125 0.01171875
6 0.41328125 0.84921875 0.01484375 0.01484375
6 0.38515625 0.8828125 0.009375 0.0125
10 0.20234375 0.5078125 0.0578125 0.049609375
10 0.14609375 0.4734375 0.0421875 0.056640625
6 0.1515625 0.43359375 0.019140625 0.021875
12 0.21640625 0.471875 0.01484375 0.0203125
6 0.2375 0.43125 0.01171875 0.0140625
0 0.25 0.4953125 0.00703125 0.012109375
13 0.26875 0.51953125 0.01171875 0.023046875
12 0.25234375 0.52890625 0.020703125 0.023828125
0 0.5890625 0.59140625 0.00859375 0.011328125
10 0.58046875 0.5203125 0.058203125 0.06015625
10 0.61796875 0.79921875 0.03125 0.028125
10 0.64609375 0.77578125 0.042578125 0.03125
12 0.63125 0.77578125 0.009765625 0.013671875
13 0.6875 0.79921875 0.009375 0.011328125
10 0.646875 0.73828125 0.034375 0.03828125
10 0.675 0.7484375 0.0375 0.024609375
13 0.70546875 0.70390625 0.016796875 0.0140625
10 0.7484375 0.80703125 0.03828125 0.0265625
16 0.85078125 0.8109375 0.051171875 0.016015625
0 0.7140625 0.45859375 0.009375 0.01171875
6 0.7640625 0.49921875 0.01484375 0.015625
6 0.75703125 0.6796875 0.014453125 0.0125
6 0.79375 0.853125 0.009765625 0.008984375
6 0.75625 0.85390625 0.009375 0.0078125
6 0.35390625 0.21484375 0.01640625 0.02890625