13 0.49375 0.6171875 0.040625 0.02734375
13 0.5484375 0.91015625 0.04140625 0.038671875
6 0.5671875 0.184375 0.04609375 0.037890625
11 0.53984375 0.12421875 0.01328125 0.02578125
11 0.50859375 0.1421875 0.014453125 0.028515625
11 0.32578125 0.1578125 0.01953125 0.03984375
11 0.29453125 0.16171875 0.0515625 0.035546875
11 0.209375 0.16484375 0.01171875 0.02265625
12 0.20078125 0.16484375 0.009375 0.020703125
1 0.1953125 0.1984375 0.025 0.021484375
11 0.175 0.13671875 0.03125 0.0296875
6 0.21171875 0.12578125 0.011328125 0.0140625
6 0.1796875 0.1203125 0.009765625 0.012109375
11 0.07578125 0.20078125 0.0328125 0.041796875
16 0.025 0.18515625 0.05 0.044921875
13 0.225 0.15703125 0.018359375 0.016796875