13 0.17109375 0.05390625 0.04765625 0.0375
13 0.190625 0.38984375 0.037890625 0.030078125
6 0.0359375 0.8203125 0.05703125 0.03359375
11 0.06640625 0.88828125 0.013671875 0.026171875
11 0.103125 0.86875 0.015625 0.03671875
11 0.2859375 0.86171875 0.03125 0.048046875
11 0.3265625 0.87265625 0.02265625 0.040625
11 0.359375 0.87890625 0.04296875 0.036328125
13 0.39140625 0.86015625 0.0203125 0.0234375
1 0.4203125 0.83359375 0.02734375 0.02109375
11 0.41640625 0.8640625 0.014453125 0.024609375
12 0.425 0.86640625 0.01015625 0.01953125
11 0.4390625 0.8875 0.02265625 0.034765625
6 0.39296875 0.784375 0.0171875 0.016015625
11 0.52578125 0.85 0.026171875 0.041015625
16 0.5875 0.86484375 0.056640625 0.035546875
13 0.8828125 0.71875 0.040625 0.0328125