6 0.609375 0.8359375 0.03359375 0.046875
16 0.91171875 0.63203125 0.05078125 0.08515625
6 0.86484375 0.634375 0.0546875 0.07578125
10 0.6859375 0.46875 0.075390625 0.08671875
11 0.5921875 0.33203125 0.072265625 0.060546875
11 0.50390625 0.3671875 0.039453125 0.065625
12 0.44296875 0.2078125 0.01484375 0.0171875
6 0.409375 0.059375 0.01171875 0.0125
11 0.39921875 0.09140625 0.0390625 0.0734375
11 0.37109375 0.07734375 0.020703125 0.036328125
11 0.3609375 0.128125 0.015234375 0.047265625
13 0.29921875 0.09453125 0.0203125 0.03125
6 0.328125 0.03359375 0.01171875 0.016796875
6 0.26796875 0.028125 0.0140625 0.01171875
12 0.2515625 0.03203125 0.016015625 0.019921875
11 0.25546875 0.08828125 0.0421875 0.0296875
6 0.178125 0.1625 0.01796875 0.016015625
6 0.1703125 0.07734375 0.018359375 0.008203125
11 0.15 0.040625 0.046875 0.059375
11 0.09921875 0.0625 0.041796875 0.028515625
10 0.071875 0.09375 0.05 0.040234375
3 0.06875 0.0671875 0.030859375 0.03359375
10 0.03828125 0.0546875 0.042578125 0.05390625