13 0.82890625 0.94609375 0.048046875 0.0375
13 0.809375 0.61015625 0.03828125 0.03046875
6 0.9640625 0.1796875 0.056640625 0.033984375
11 0.93359375 0.11171875 0.013671875 0.026171875
11 0.896875 0.13125 0.015625 0.03671875
11 0.7140625 0.13828125 0.03125 0.04765625
11 0.6734375 0.12734375 0.0234375 0.040625
11 0.640625 0.12109375 0.04296875 0.036328125
13 0.60859375 0.13984375 0.0203125 0.0234375
1 0.5796875 0.16640625 0.02734375 0.02109375
11 0.58359375 0.1359375 0.014453125 0.024609375
12 0.575 0.13359375 0.01015625 0.01953125
11 0.5609375 0.1125 0.0234375 0.03515625
6 0.60703125 0.215625 0.0171875 0.016015625
11 0.47421875 0.15 0.026171875 0.041015625
16 0.4125 0.13515625 0.05703125 0.03515625
13 0.1171875 0.28125 0.040625 0.03203125