6 0.0359375 0.7375 0.06328125 0.09296875
10 0.22109375 0.52734375 0.08515625 0.0953125
11 0.32734375 0.40859375 0.071875 0.09375
11 0.42734375 0.415625 0.02578125 0.075
6 0.46015625 0.246875 0.01328125 0.01875
11 0.49375 0.1296875 0.0328125 0.0890625
11 0.52265625 0.11015625 0.0234375 0.046875
11 0.5421875 0.15625 0.015625 0.03984375
13 0.5890625 0.11484375 0.02109375 0.03359375
6 0.6140625 0.05 0.0125 0.0125
12 0.6296875 0.05234375 0.0140625 0.0203125
11 0.628125 0.10703125 0.03984375 0.0265625
11 0.715625 0.0609375 0.04296875 0.0578125
6 0.7 0.16875 0.015625 0.0171875
11 0.76015625 0.06640625 0.0328125 0.03359375
3 0.7859375 0.07265625 0.02734375 0.03203125
10 0.79453125 0.0984375 0.046875 0.0390625
10 0.825 0.0609375 0.03828125 0.05078125
6 0.8796875 0.12109375 0.034375 0.0203125
13 0.88828125 0.078125 0.0234375 0.025
12 0.9265625 0.01640625 0.02265625 0.021875
6 0.34140625 0.90625 0.03671875 0.05078125
13 0.5703125 0.0828125 0.021875 0.01953125