16 0.903125 0.36484375 0.059375 0.0765625
6 0.8625 0.36015625 0.055859375 0.078125
10 0.678125 0.51796875 0.075 0.088671875
11 0.57734375 0.65625 0.073046875 0.065234375
11 0.48359375 0.62265625 0.026171875 0.073046875
12 0.43125 0.78125 0.01328125 0.015234375
11 0.38515625 0.896875 0.040625 0.07265625
11 0.35625 0.90390625 0.01953125 0.04375
11 0.35390625 0.85859375 0.015625 0.0453125
6 0.3140625 0.946875 0.012109375 0.016015625
13 0.28359375 0.8875 0.0203125 0.030859375
6 0.25078125 0.95 0.0140625 0.012109375
12 0.2359375 0.9453125 0.018359375 0.01875
11 0.23828125 0.89375 0.0421875 0.03203125
6 0.15859375 0.81015625 0.0171875 0.016796875
6 0.15 0.89921875 0.018359375 0.010546875
11 0.115625 0.94296875 0.05234375 0.06796875
11 0.06953125 0.909375 0.04375 0.025
10 0.05 0.87734375 0.05078125 0.044921875
3 0.0359375 0.903125 0.03125 0.03125
10 0.0203125 0.9203125 0.040625 0.053125
6 0.62734375 0.1625 0.034375 0.044140625