10 0.14453125 0.38046875 0.0921875 0.1015625
6 0.1296875 0.2359375 0.028125 0.046484375
6 0.2109375 0.02265625 0.041015625 0.044921875
11 0.25625 0.5609375 0.07734375 0.078125
11 0.37265625 0.55234375 0.0390625 0.06484375
11 0.46171875 0.8 0.014453125 0.04296875
11 0.43671875 0.84296875 0.033203125 0.059375
11 0.46171875 0.84375 0.021875 0.04140625
13 0.53046875 0.83359375 0.019921875 0.0296875
6 0.5578125 0.89609375 0.0125 0.009375
12 0.57109375 0.89296875 0.016796875 0.0171875
11 0.57265625 0.8484375 0.03828125 0.0375
6 0.6515625 0.86796875 0.015234375 0.0109375
6 0.65 0.78203125 0.015234375 0.014453125
11 0.6859375 0.9140625 0.04609375 0.06484375
11 0.72421875 0.8828125 0.0359375 0.02265625
10 0.73515625 0.85703125 0.046875 0.0390625
10 0.75703125 0.90390625 0.0359375 0.0421875
3 0.7578125 0.88046875 0.02734375 0.0296875
6 0.82265625 0.84609375 0.034375 0.0171875
6 0.803125 0.9296875 0.012109375 0.015625
13 0.81953125 0.8875 0.023046875 0.021875
12 0.86796875 0.9484375 0.0234375 0.019140625
11 0.96875 0.95703125 0.0375 0.030078125