16 0.928125 0.78515625 0.056640625 0.0421875
11 0.87578125 0.76484375 0.0375 0.041796875
11 0.77421875 0.83046875 0.03671875 0.0296875
1 0.7546875 0.771875 0.02734375 0.02421875
11 0.65625 0.8078125 0.050390625 0.034765625
11 0.62265625 0.8125 0.0203125 0.0390625
11 0.73984375 0.80390625 0.013671875 0.023828125
12 0.7484375 0.8046875 0.009765625 0.022265625
6 0.3796875 0.78515625 0.053125 0.0359375
11 0.4453125 0.8296875 0.015625 0.027734375
11 0.41328125 0.84609375 0.01328125 0.02734375
13 0.4546875 0.3515625 0.043359375 0.028125
13 0.396875 0.06875 0.04453125 0.034375