16 0.0546875 0.65078125 0.05546875 0.08984375
6 0.10546875 0.64921875 0.05703125 0.07734375
10 0.28671875 0.471875 0.07734375 0.0875
11 0.38125 0.3296875 0.07421875 0.0609375
11 0.47265625 0.3640625 0.040625 0.0671875
11 0.56953125 0.08203125 0.03828125 0.0796875
11 0.5984375 0.06796875 0.02109375 0.03984375
11 0.6109375 0.11640625 0.0140625 0.04765625
13 0.66875 0.0796875 0.0203125 0.034375
6 0.63984375 0.02109375 0.01171875 0.0171875
11 0.7109375 0.07421875 0.04140625 0.03046875
12 0.71328125 0.01953125 0.01484375 0.0203125
6 0.7859375 0.1453125 0.0171875 0.0171875
6 0.79375 0.06484375 0.01796875 0.01015625
11 0.8109375 0.03046875 0.04609375 0.059375
11 0.8609375 0.0484375 0.040625 0.03203125
3 0.89140625 0.05078125 0.0296875 0.034375
10 0.890625 0.07734375 0.0484375 0.0390625
10 0.92265625 0.0390625 0.04296875 0.05234375
13 0.9890625 0.05703125 0.021875 0.0265625
6 0.9828125 0.10546875 0.034375 0.01875
6 0.37109375 0.8390625 0.034375 0.04609375
12 0.528125 0.20078125 0.0125 0.0171875