16 0.14453125 0.58046875 0.05078125 0.08203125
6 0.18671875 0.590625 0.05390625 0.07578125
10 0.36171875 0.446875 0.07578125 0.0859375
11 0.46015625 0.31796875 0.078125 0.06015625
11 0.54765625 0.35703125 0.03828125 0.0703125
6 0.6109375 0.2046875 0.01484375 0.01875
11 0.6625 0.08515625 0.0375 0.06796875
11 0.690625 0.07734375 0.021875 0.040625
11 0.69609375 0.12734375 0.01484375 0.05
13 0.7640625 0.09765625 0.0234375 0.03359375
11 0.81171875 0.0953125 0.046875 0.03515625
12 0.81484375 0.0390625 0.01875 0.02265625
6 0.8 0.034375 0.01484375 0.01328125
6 0.890625 0.17890625 0.0171875 0.0171875
11 0.93125 0.05 0.05390625 0.065625
11 0.9796875 0.08046875 0.03984375 0.028125
10 0.9890625 0.11171875 0.02109375 0.04296875
6 0.9015625 0.09140625 0.01953125 0.01015625
6 0.7359375 0.03828125 0.01171875 0.01875
6 0.41875 0.809375 0.0390625 0.0515625