6 0.19765625 0.4234375 0.0546875 0.07265625
16 0.1578125 0.43125 0.053125 0.07734375
10 0.37578125 0.56015625 0.0734375 0.084375
11 0.47578125 0.6921875 0.0734375 0.0609375
11 0.56484375 0.65078125 0.033203125 0.070703125
12 0.62578125 0.81171875 0.0125 0.0171875
11 0.678125 0.92734375 0.0375 0.07578125
11 0.7046875 0.93515625 0.021875 0.04609375
11 0.71015625 0.8875 0.015625 0.044140625
13 0.78203125 0.9140625 0.023828125 0.033984375
6 0.81796875 0.9765625 0.014453125 0.0125
12 0.83359375 0.97109375 0.019921875 0.020703125
11 0.8296875 0.91796875 0.0453125 0.03359375
11 0.95703125 0.96171875 0.057421875 0.06875
6 0.9109375 0.83046875 0.018359375 0.020703125
6 0.4265625 0.20546875 0.034375 0.048828125