13 0.50625 0.6171875 0.040625 0.0265625
13 0.4515625 0.91015625 0.0421875 0.03828125
6 0.4328125 0.184375 0.0453125 0.03828125
11 0.46015625 0.12421875 0.01328125 0.02578125
11 0.49140625 0.1421875 0.01484375 0.02890625
11 0.67421875 0.1578125 0.01953125 0.03984375
11 0.70546875 0.16171875 0.0515625 0.03515625
11 0.790625 0.16484375 0.01171875 0.02265625
12 0.79921875 0.16484375 0.009375 0.02109375
1 0.8046875 0.1984375 0.025 0.02109375
11 0.825 0.13671875 0.03125 0.0296875
6 0.78828125 0.12578125 0.01171875 0.0140625
6 0.8203125 0.1203125 0.01015625 0.01171875
11 0.92421875 0.20078125 0.0328125 0.04140625
16 0.975 0.18515625 0.05 0.04453125
13 0.775 0.15703125 0.01796875 0.01640625