13 0.23828125 0.9515625 0.0453125 0.03984375
13 0.2625 0.61796875 0.04375 0.034375
6 0.12421875 0.1828125 0.058203125 0.03359375
11 0.15390625 0.1171875 0.014453125 0.028125
11 0.19296875 0.1375 0.0171875 0.0375
11 0.3671875 0.1546875 0.03203125 0.0578125
11 0.40078125 0.13828125 0.025 0.0390625
11 0.4375 0.13515625 0.05 0.034375
13 0.475 0.1453125 0.01875 0.015625
11 0.49921875 0.1453125 0.0109375 0.025
12 0.50859375 0.14453125 0.01015625 0.02109375
6 0.47890625 0.22578125 0.023046875 0.01875
1 0.50625 0.1734375 0.028125 0.021875
11 0.52421875 0.11953125 0.02265625 0.03359375
6 0.5234375 0.090625 0.009765625 0.015234375
6 0.49296875 0.10078125 0.010546875 0.013671875
11 0.61015625 0.16171875 0.01953125 0.04296875
16 0.67265625 0.14765625 0.055078125 0.036328125
6 0.85546875 0.21328125 0.0140625 0.015625
13 0.965625 0.3015625 0.037109375 0.028125
6 0.09921875 0.815625 0.0328125 0.01953125