6 0.9640625 0.7375 0.062890625 0.093359375
10 0.77890625 0.52734375 0.085546875 0.0953125
11 0.67265625 0.40859375 0.071875 0.09375
11 0.57265625 0.415625 0.026171875 0.075
6 0.53984375 0.246875 0.013671875 0.01875
11 0.50625 0.1296875 0.03203125 0.08984375
11 0.47734375 0.11015625 0.0234375 0.046875
11 0.4578125 0.15625 0.015625 0.040234375
13 0.4109375 0.11484375 0.021484375 0.033203125
6 0.3859375 0.05 0.0125 0.0125
12 0.3703125 0.05234375 0.01484375 0.0203125
11 0.371875 0.10703125 0.040234375 0.0265625
11 0.284375 0.0609375 0.04296875 0.0578125
6 0.3 0.16875 0.015625 0.01796875
11 0.23984375 0.06640625 0.0328125 0.033203125
3 0.2140625 0.07265625 0.027734375 0.032421875
10 0.20546875 0.0984375 0.046875 0.0390625
10 0.175 0.0609375 0.037890625 0.050390625
6 0.1203125 0.12109375 0.034375 0.0203125
13 0.11171875 0.078125 0.0234375 0.025
12 0.0734375 0.01640625 0.02265625 0.021875
6 0.65859375 0.90625 0.036328125 0.050390625
13 0.4296875 0.0828125 0.021875 0.019140625