6 0.9765625 0.2671875 0.046875 0.096875
6 0.6796875 0.10234375 0.04140625 0.060546875
10 0.7953125 0.478125 0.087109375 0.09921875
11 0.69296875 0.6078125 0.075 0.081640625
11 0.5828125 0.5921875 0.028125 0.080859375
6 0.5515625 0.76171875 0.015234375 0.028125
11 0.51484375 0.884375 0.0296875 0.0875
11 0.4875 0.89921875 0.02421875 0.0453125
11 0.4703125 0.85859375 0.018359375 0.0359375
13 0.42109375 0.89453125 0.0203125 0.032421875
11 0.38125 0.9015625 0.03828125 0.02890625
12 0.38046875 0.9546875 0.0140625 0.021484375
6 0.39609375 0.95625 0.013671875 0.012890625
11 0.29453125 0.94765625 0.042578125 0.0578125
6 0.30546875 0.915625 0.0171875 0.01171875
6 0.3109375 0.8375 0.016015625 0.022265625
11 0.25078125 0.94140625 0.034375 0.034375
3 0.2234375 0.9359375 0.027734375 0.034375
10 0.21640625 0.9078125 0.0484375 0.040625
10 0.18671875 0.946875 0.038671875 0.050390625
6 0.13125 0.8859375 0.03515625 0.0203125
13 0.12421875 0.9296875 0.025 0.02578125
12 0.08671875 0.98984375 0.0203125 0.019921875