0 0.45625 0.66015625 0.0171875 0.028125
12 0.51328125 0.6203125 0.03984375 0.06796875
0 0.56875 0.51796875 0.02109375 0.0328125
16 0.59453125 0.521875 0.05859375 0.1703125
16 0.6234375 0.58359375 0.034375 0.02890625
15 0.63828125 0.59921875 0.1234375 0.17578125
6 0.65078125 0.528125 0.01796875 0.025
6 0.671875 0.478125 0.03359375 0.03125
6 0.67265625 0.45859375 0.0203125 0.0171875
6 0.69921875 0.45546875 0.03984375 0.04375
0 0.68984375 0.27265625 0.0203125 0.0265625
11 0.721875 0.16953125 0.05078125 0.1453125
13 0.596875 0.0765625 0.0390625 0.06875