12 0.06640625 0.51640625 0.025 0.0296875
13 0.05078125 0.6265625 0.048828125 0.05859375
11 0.1140625 0.6078125 0.0625 0.06875
11 0.0875 0.5265625 0.022265625 0.075390625
11 0.1109375 0.52578125 0.030859375 0.105078125
10 0.38203125 0.44765625 0.06875 0.05703125
10 0.46328125 0.340625 0.041796875 0.065234375
10 0.49921875 0.3859375 0.04375 0.02734375
11 0.49140625 0.23828125 0.04921875 0.07109375
11 0.49609375 0.31171875 0.03125 0.051171875
13 0.51171875 0.33203125 0.020703125 0.030078125
3 0.53359375 0.32734375 0.030078125 0.035546875
11 0.6046875 0.46484375 0.03515625 0.033203125
10 0.5375 0.22734375 0.040625 0.0328125
13 0.528125 0.2515625 0.028125 0.0375