10 0.290625 0.28984375 0.0484375 0.02578125
11 0.25 0.31015625 0.043359375 0.066796875
11 0.24765625 0.37265625 0.036328125 0.046875
13 0.2671875 0.39453125 0.021484375 0.0265625
3 0.2921875 0.4046875 0.033984375 0.030859375
6 0.25234375 0.45546875 0.038671875 0.026953125
10 0.215625 0.41015625 0.04453125 0.060546875
10 0.13125 0.5421875 0.075390625 0.059765625
6 0.06640625 0.54375 0.011328125 0.022265625
6 0.0484375 0.76796875 0.02265625 0.0296875
11 0.359375 0.54921875 0.02109375 0.03046875
12 0.96953125 0.87890625 0.0265625 0.036328125