10 0.653125 0.55546875 0.069140625 0.057421875
10 0.5703125 0.66640625 0.044140625 0.065625
10 0.53671875 0.61796875 0.0375 0.02421875
11 0.5390625 0.69609375 0.030859375 0.051171875
13 0.52265625 0.67578125 0.023046875 0.028125
3 0.50078125 0.678125 0.03046875 0.03515625
11 0.5390625 0.765625 0.0515625 0.06796875
10 0.49453125 0.778125 0.04140625 0.02421875
11 0.43203125 0.534375 0.03984375 0.0328125
12 0.9734375 0.4859375 0.027734375 0.02734375
11 0.94296875 0.47890625 0.02265625 0.071875
11 0.921875 0.48359375 0.02890625 0.1125
13 0.98203125 0.37734375 0.0359375 0.05625
11 0.9234375 0.3921875 0.06171875 0.06796875
13 0.50234375 0.75703125 0.030078125 0.032421875