0 0.54375 0.33984375 0.01796875 0.028125
12 0.48671875 0.3796875 0.039453125 0.068359375
0 0.43125 0.48203125 0.02109375 0.0328125
16 0.40546875 0.478125 0.058203125 0.16953125
16 0.3765625 0.41640625 0.034375 0.029296875
15 0.36171875 0.40078125 0.1234375 0.176171875
6 0.34921875 0.471875 0.017578125 0.025
6 0.328125 0.521875 0.033984375 0.03125
6 0.32734375 0.54140625 0.0203125 0.0171875
6 0.30078125 0.54453125 0.039453125 0.04375
0 0.31015625 0.72734375 0.0203125 0.0265625
11 0.278125 0.83046875 0.050390625 0.1453125
13 0.403125 0.9234375 0.03828125 0.06875