10 0.49921875 0.6703125 0.041796875 0.06484375
10 0.41640625 0.56640625 0.0671875 0.05703125
11 0.525 0.7703125 0.052734375 0.071484375
11 0.53203125 0.6953125 0.0296875 0.05546875
10 0.5375 0.6203125 0.050390625 0.02734375
13 0.546875 0.67734375 0.021875 0.0296875
3 0.56875 0.68203125 0.030859375 0.040625
13 0.5609375 0.75546875 0.02734375 0.0359375
10 0.57265625 0.78203125 0.03515625 0.02421875
11 0.63984375 0.54296875 0.036328125 0.036328125
12 0.06171875 0.490625 0.016796875 0.024609375
12 0.10625 0.50703125 0.02421875 0.026171875
13 0.08984375 0.39921875 0.046875 0.053125
11 0.15 0.41484375 0.059375 0.065625
11 0.121875 0.4921875 0.02578125 0.0734375
11 0.1421875 0.49375 0.0359375 0.1046875