11 0.3046875 0.51015625 0.05234375 0.041796875
6 0.3140625 0.67109375 0.01328125 0.0171875
11 0.1671875 0.50703125 0.084375 0.0796875
10 0.04765625 0.29140625 0.09375 0.1125
11 0.37734375 0.75859375 0.016796875 0.0453125
11 0.35546875 0.80234375 0.029296875 0.05625
11 0.378125 0.80546875 0.019140625 0.034375
13 0.4484375 0.7984375 0.02109375 0.02890625
6 0.475 0.86171875 0.0125 0.0125
12 0.48828125 0.859375 0.016796875 0.016015625
11 0.490625 0.8140625 0.034765625 0.037109375
6 0.56796875 0.8359375 0.013671875 0.0125
6 0.56875 0.7484375 0.015234375 0.016015625
11 0.603125 0.8859375 0.04375 0.06484375
11 0.63984375 0.85390625 0.035546875 0.020703125
10 0.6484375 0.828125 0.046484375 0.037890625
10 0.66640625 0.875 0.03125 0.04453125
3 0.6734375 0.85 0.025 0.0296875
13 0.72421875 0.86328125 0.0203125 0.021875
6 0.73046875 0.82109375 0.03125 0.014453125
12 0.76875 0.925 0.01953125 0.01953125
11 0.859375 0.93203125 0.031640625 0.034375
10 0.9125 0.92421875 0.03125 0.057421875
11 0.93671875 0.84921875 0.011328125 0.0265625
11 0.946875 0.85078125 0.01328125 0.032421875
6 0.02421875 0.1390625 0.02890625 0.040625