10 0.54140625 0.134375 0.06015625 0.1078125
13 0.6515625 0.59375 0.03515625 0.0515625
11 0.65625 0.665625 0.025 0.06640625
11 0.63671875 0.66640625 0.032421875 0.098046875
11 0.609375 0.60859375 0.05703125 0.034375
10 0.321875 0.6625 0.072265625 0.055859375
11 0.25234375 0.8140625 0.0609375 0.083984375
13 0.21015625 0.803125 0.03125 0.043359375
10 0.24375 0.7390625 0.046484375 0.0625
11 0.2125 0.7421875 0.02421875 0.055859375
10 0.19921875 0.67578125 0.04375 0.023046875
13 0.19296875 0.73515625 0.026953125 0.030078125
3 0.1671875 0.75859375 0.034765625 0.039453125
10 0.134375 0.84140625 0.040625 0.026953125
11 0.06328125 0.61953125 0.0203125 0.0375
11 0.88984375 0.59375 0.04921875 0.121875
11 0.85078125 0.65234375 0.03125 0.0484375
11 0.878125 0.571875 0.022265625 0.052734375
6 0.8796875 0.4515625 0.028125 0.043359375
12 0.85078125 0.56171875 0.01875 0.028125