13 0.19375 0.5171875 0.0453125 0.0515625
12 0.171875 0.42578125 0.0171875 0.0234375
12 0.2078125 0.4140625 0.0171875 0.0234375
11 0.209375 0.43671875 0.02890625 0.0734375
11 0.2296875 0.4390625 0.04453125 0.09921875
11 0.24921875 0.5046875 0.05703125 0.05
10 0.5171875 0.37734375 0.06640625 0.05859375
10 0.6 0.27734375 0.04140625 0.06796875
10 0.63984375 0.32734375 0.05 0.02578125
13 0.65703125 0.19609375 0.03203125 0.0375
3 0.66484375 0.2625 0.028125 0.03984375
13 0.6484375 0.27109375 0.0234375 0.03203125
11 0.63046875 0.2546875 0.025 0.05234375
10 0.68046875 0.16171875 0.0421875 0.02890625
11 0.62109375 0.175 0.05625 0.0796875
11 0.74765625 0.3953125 0.0328125 0.0390625
10 0.18203125 0.8953125 0.06171875 0.134375