11 0.04765625 0.49453125 0.05 0.1328125
11 0.065625 0.51328125 0.021875 0.0609375
11 0.08828125 0.41484375 0.03359375 0.06328125
6 0.090625 0.56484375 0.0265625 0.0296875
12 0.109375 0.50078125 0.01640625 0.0234375
12 0.28359375 0.34765625 0.01640625 0.02265625
12 0.3203125 0.33828125 0.02109375 0.021875
11 0.31640625 0.3640625 0.03046875 0.06796875
11 0.334375 0.36484375 0.0421875 0.1015625
13 0.3046875 0.43828125 0.03984375 0.05
11 0.353125 0.43125 0.06015625 0.046875
10 0.2921875 0.80625 0.05234375 0.11875
10 0.6234375 0.31953125 0.06875 0.05625
10 0.70390625 0.221875 0.04296875 0.0703125
10 0.7390625 0.27734375 0.04296875 0.02109375
13 0.759375 0.14453125 0.03203125 0.03984375
3 0.7703125 0.2140625 0.03046875 0.03984375
13 0.753125 0.22109375 0.02421875 0.03125
11 0.734375 0.2078125 0.02421875 0.053125
11 0.72265625 0.12421875 0.05703125 0.0859375
10 0.7890625 0.1109375 0.0390625 0.0265625
11 0.859375 0.34765625 0.0265625 0.0359375