11 0.96484375 0.28359375 0.025 0.03828125
13 0.97578125 0.25703125 0.01875 0.023828125
10 0.98671875 0.23984375 0.0265625 0.020703125
12 0.92890625 0.3234375 0.017578125 0.01875
11 0.9328125 0.4125 0.03515625 0.065234375
11 0.90546875 0.41484375 0.0234375 0.0421875
11 0.91328125 0.46328125 0.020703125 0.0375
12 0.98203125 0.5703125 0.01875 0.01875
11 0.9609375 0.7734375 0.072265625 0.059765625
13 0.81484375 0.40625 0.0203125 0.03125
6 0.865625 0.3625 0.01796875 0.01328125
6 0.7859375 0.3328125 0.01484375 0.009375
12 0.7703125 0.3328125 0.018359375 0.01484375
11 0.765625 0.37421875 0.03671875 0.04375
6 0.6734375 0.4296875 0.0140625 0.01640625
6 0.67890625 0.33828125 0.0125 0.011328125
10 0.5984375 0.3375 0.04140625 0.03828125
11 0.6 0.31484375 0.031640625 0.019921875
11 0.634375 0.28046875 0.04296875 0.059375
10 0.5875 0.28828125 0.028515625 0.039453125
3 0.5625 0.315625 0.02421875 0.02578125
6 0.52265625 0.33203125 0.026953125 0.013671875
13 0.534375 0.29453125 0.016015625 0.017578125
12 0.49375 0.234375 0.01875 0.01796875
11 0.421875 0.22890625 0.0109375 0.0171875
10 0.36796875 0.2484375 0.0203125 0.04140625
11 0.340625 0.28984375 0.025 0.02890625
11 0.34609375 0.29765625 0.015625 0.023046875