11 0.06875 0.42265625 0.0453125 0.12109375
11 0.07734375 0.4515625 0.0234375 0.053125
6 0.07265625 0.5875 0.02578125 0.03515625
11 0.10859375 0.378125 0.03125 0.0515625
11 0.29375 0.35078125 0.03515625 0.0703125
11 0.3109375 0.35625 0.05078125 0.09765625
13 0.3078125 0.421875 0.0328125 0.04765625
11 0.35 0.40390625 0.05625 0.03984375
10 0.63671875 0.34609375 0.07109375 0.05546875
13 0.734375 0.20703125 0.028125 0.04140625
3 0.778125 0.24921875 0.0296875 0.04375
11 0.69375 0.20234375 0.06015625 0.084375
10 0.7078125 0.26875 0.04296875 0.06171875
11 0.73671875 0.265625 0.01796875 0.0578125
13 0.75546875 0.27109375 0.02578125 0.02890625
15 0.23203125 0.371875 0.03203125 0.028125
10 0.47109375 0.85078125 0.0546875 0.09921875
11 0.8875 0.36640625 0.02421875 0.03515625