11 0.95234375 0.50546875 0.05 0.1328125
11 0.934375 0.48671875 0.021875 0.0609375
11 0.91171875 0.58515625 0.03359375 0.06328125
6 0.909375 0.43515625 0.02578125 0.0296875
12 0.890625 0.49921875 0.016015625 0.0234375
12 0.71640625 0.65234375 0.01640625 0.02265625
12 0.6796875 0.66171875 0.021484375 0.021875
11 0.68359375 0.6359375 0.030078125 0.068359375
11 0.665625 0.63515625 0.04296875 0.1015625
13 0.6953125 0.56171875 0.03984375 0.05
11 0.646875 0.56875 0.06015625 0.046875
10 0.7078125 0.19375 0.052734375 0.11875
10 0.3765625 0.68046875 0.06875 0.05625
10 0.29609375 0.778125 0.042578125 0.06953125
10 0.2609375 0.72265625 0.043359375 0.020703125
13 0.240625 0.85546875 0.031640625 0.039453125
3 0.2296875 0.7859375 0.030859375 0.040234375
13 0.246875 0.77890625 0.024609375 0.03125
11 0.265625 0.7921875 0.024609375 0.053125
11 0.27734375 0.87578125 0.057421875 0.0859375
10 0.2109375 0.8890625 0.03984375 0.02734375
11 0.140625 0.65234375 0.02578125 0.0359375