0 0.43046875 0.325 0.01875 0.028515625
0 0.534375 0.45 0.022265625 0.037109375
12 0.4984375 0.3640625 0.04140625 0.0609375
16 0.565625 0.46796875 0.053125 0.1765625
15 0.61015625 0.3921875 0.11796875 0.178125
6 0.6265625 0.51171875 0.031640625 0.0296875
6 0.63984375 0.5234375 0.025 0.02265625
6 0.6390625 0.47421875 0.021484375 0.045703125
6 0.659375 0.5578125 0.03671875 0.046875
0 0.63671875 0.74296875 0.01875 0.026171875
11 0.66015625 0.8328125 0.0671875 0.171484375
10 0.69765625 0.96328125 0.02421875 0.0390625
13 0.54609375 0.9296875 0.035546875 0.071484375