10 0.346875 0.44453125 0.06953125 0.05703125
10 0.4296875 0.33359375 0.04453125 0.065625
10 0.46328125 0.38203125 0.0375 0.02421875
11 0.4609375 0.30390625 0.03046875 0.05078125
13 0.47734375 0.32421875 0.02265625 0.028125
3 0.49921875 0.321875 0.03046875 0.03515625
11 0.4609375 0.234375 0.0515625 0.06796875
10 0.50546875 0.221875 0.04140625 0.02421875
11 0.56796875 0.465625 0.03984375 0.0328125
12 0.0265625 0.5140625 0.02734375 0.0265625
11 0.05703125 0.52109375 0.02265625 0.071875
11 0.078125 0.51640625 0.02890625 0.1125
13 0.01796875 0.62265625 0.0359375 0.05625
11 0.0765625 0.6078125 0.06171875 0.06796875
13 0.49765625 0.24296875 0.03046875 0.03203125