6 0.04375 0.55703125 0.01640625 0.0203125
11 0.11015625 0.45625 0.020703125 0.046484375
11 0.0921875 0.40703125 0.033984375 0.06875
11 0.1171875 0.40703125 0.024609375 0.0421875
11 0.06015625 0.28203125 0.023828125 0.0390625
10 0.03515625 0.2375 0.028125 0.01796875
13 0.0484375 0.25390625 0.016015625 0.0265625
12 0.0953125 0.31875 0.01640625 0.01796875
6 0.15703125 0.35625 0.0171875 0.012890625
6 0.184375 0.35078125 0.033984375 0.020703125
13 0.20546875 0.403125 0.0234375 0.03203125
12 0.25078125 0.33046875 0.0171875 0.015625
6 0.23515625 0.3296875 0.0140625 0.0125
11 0.25390625 0.37265625 0.03671875 0.04453125
6 0.3390625 0.33671875 0.012890625 0.013671875
6 0.3453125 0.42890625 0.0140625 0.01640625
6 0.471875 0.48203125 0.0125 0.0171875
6 0.49609375 0.3328125 0.028125 0.01640625
13 0.484375 0.29453125 0.018359375 0.021875
3 0.4546875 0.31796875 0.02421875 0.03125
11 0.3828125 0.28125 0.04296875 0.0625
10 0.43046875 0.2890625 0.030078125 0.044140625
11 0.41796875 0.31484375 0.0328125 0.025
10 0.41953125 0.33671875 0.042578125 0.0390625
11 0.59765625 0.2296875 0.01484375 0.01953125
10 0.65 0.24765625 0.022265625 0.041796875
11 0.67890625 0.290625 0.025 0.030859375
11 0.67265625 0.29609375 0.015625 0.021875
12 0.52421875 0.2359375 0.017578125 0.016015625
11 0.06328125 0.7609375 0.0703125 0.05859375