11 0.50390625 0.275 0.01328125 0.0203125
10 0.56875 0.309375 0.021875 0.04765625
11 0.584375 0.334375 0.0296875 0.02421875
11 0.58125 0.3421875 0.01875 0.01484375
12 0.43515625 0.28671875 0.01796875 0.01484375
6 0.4078125 0.38515625 0.028125 0.01484375
13 0.39453125 0.3515625 0.015625 0.01953125
3 0.37265625 0.375 0.02421875 0.02578125
10 0.340625 0.34921875 0.028125 0.0375
10 0.3296875 0.4046875 0.04453125 0.0359375
11 0.3328125 0.37578125 0.0328125 0.01875
11 0.2953125 0.34453125 0.0421875 0.0640625
6 0.246875 0.41015625 0.0140625 0.0140625
6 0.2546875 0.50546875 0.01484375 0.01640625
12 0.14609375 0.4171875 0.01875 0.01640625
6 0.128125 0.41640625 0.015625 0.0109375
11 0.14921875 0.45625 0.0390625 0.05078125
13 0.0953125 0.496875 0.02578125 0.034375
6 0.03828125 0.45703125 0.01953125 0.01875
11 0.00625 0.51484375 0.01171875 0.046875