11 0.03125 0.434375 0.0421875 0.0734375
10 0.08828125 0.43046875 0.0359375 0.05
11 0.0984375 0.44921875 0.0390625 0.02421875
10 0.07734375 0.49296875 0.05546875 0.05390625
6 0.13828125 0.38203125 0.01171875 0.0171875
13 0.1484375 0.4140625 0.015625 0.0234375
3 0.1484375 0.43203125 0.02890625 0.02734375
12 0.19453125 0.32578125 0.0203125 0.01640625
11 0.271875 0.3109375 0.01640625 0.01953125
10 0.3421875 0.378125 0.02421875 0.04765625
11 0.36796875 0.38515625 0.02578125 0.03515625
11 0.37421875 0.3921875 0.0171875 0.0234375
11 0.89140625 0.29609375 0.0125 0.028125
10 0.89140625 0.33125 0.02578125 0.0375
11 0.91484375 0.2953125 0.025 0.0359375
6 0.16328125 0.6296875 0.0140625 0.02109375