13 0.26484375 0.91484375 0.091796875 0.1421875
12 0.134375 0.38203125 0.01875 0.025
0 0.15078125 0.36171875 0.010546875 0.013671875
0 0.1109375 0.359375 0.012109375 0.015234375
0 0.05234375 0.2984375 0.009375 0.0125
16 0.090625 0.3640625 0.037109375 0.05234375
13 0.07734375 0.21796875 0.01875 0.03125
11 0.04609375 0.25859375 0.0265625 0.059375
11 0.01640625 0.50390625 0.0328125 0.044921875
15 0.0765625 0.409375 0.06015625 0.068359375
6 0.0640625 0.36171875 0.00859375 0.020703125
6 0.05234375 0.36171875 0.01796875 0.01796875
6 0.04765625 0.37421875 0.0109375 0.010546875