10 0.45859375 0.865625 0.06015625 0.1078125
13 0.3484375 0.40625 0.03515625 0.0515625
11 0.34375 0.334375 0.025 0.06640625
11 0.36328125 0.33359375 0.03203125 0.09765625
11 0.390625 0.39140625 0.05703125 0.034375
10 0.678125 0.3375 0.07265625 0.05546875
11 0.74765625 0.1859375 0.0609375 0.08359375
13 0.78984375 0.196875 0.03125 0.04296875
10 0.75625 0.2609375 0.04609375 0.0625
11 0.7875 0.2578125 0.0234375 0.05546875
10 0.80078125 0.32421875 0.04375 0.02265625
13 0.80703125 0.26484375 0.02734375 0.03046875
3 0.8328125 0.24140625 0.03515625 0.03984375
10 0.865625 0.15859375 0.040625 0.02734375
11 0.93671875 0.38046875 0.0203125 0.0375
11 0.11015625 0.40625 0.04921875 0.121875
11 0.14921875 0.34765625 0.03125 0.0484375
11 0.121875 0.428125 0.02265625 0.05234375
6 0.1203125 0.5484375 0.028125 0.04296875
12 0.14921875 0.43828125 0.01875 0.028125