13 0.73515625 0.91484375 0.09140625 0.1421875
12 0.865625 0.38203125 0.01875 0.025
0 0.84921875 0.36171875 0.01015625 0.01328125
0 0.8890625 0.359375 0.01171875 0.01484375
0 0.94765625 0.2984375 0.009375 0.0125
16 0.909375 0.3640625 0.03671875 0.0515625
13 0.92265625 0.21796875 0.01875 0.03125
11 0.95390625 0.25859375 0.0265625 0.059375
11 0.98359375 0.50390625 0.0328125 0.04453125
15 0.9234375 0.409375 0.0609375 0.06796875
6 0.9359375 0.36171875 0.0078125 0.02109375
6 0.94765625 0.36171875 0.01796875 0.01796875
6 0.95234375 0.37421875 0.0109375 0.01015625