0 0.56953125 0.675 0.01875 0.028515625
0 0.465625 0.55 0.022265625 0.037109375
12 0.5015625 0.6359375 0.04140625 0.0609375
16 0.434375 0.53203125 0.053125 0.1765625
15 0.38984375 0.6078125 0.117578125 0.178125
6 0.3734375 0.48828125 0.031640625 0.0296875
6 0.36015625 0.4765625 0.025 0.022265625
6 0.3609375 0.52578125 0.021484375 0.045703125
6 0.340625 0.4421875 0.03671875 0.046875
0 0.36328125 0.25703125 0.01875 0.026171875
11 0.33984375 0.1671875 0.0671875 0.171484375
10 0.30234375 0.03671875 0.023828125 0.0390625
13 0.45390625 0.0703125 0.035546875 0.071484375