10 0.3734375 0.659375 0.08046875 0.17265625
6 0.4875 0.7078125 0.05078125 0.11953125
1 0.51015625 0.66328125 0.02578125 0.0609375
15 0.68046875 0.5625 0.0828125 0.153125
10 0.79921875 0.590625 0.0734375 0.10703125
10 0.86796875 0.7125 0.06953125 0.1171875
13 0.78984375 0.8171875 0.04609375 0.10625
10 0.4875 0.90234375 0.06796875 0.0625
11 0.29375 0.62421875 0.04453125 0.09921875
13 0.34921875 0.4421875 0.0375 0.0671875
0 0.1203125 0.71640625 0.01640625 0.02578125
16 0.096875 0.70390625 0.06171875 0.153125
0 0.02421875 0.48125 0.0109375 0.02265625
12 0.0125 0.55390625 0.025 0.0484375
10 0.05 0.68671875 0.1 0.15234375