0 0.45625 0.2703125 0.01171875 0.01953125
11 0.5203125 0.3203125 0.09765625 0.062890625
11 0.50390625 0.23203125 0.065625 0.085546875
11 0.57578125 0.228125 0.0953125 0.062109375
11 0.6171875 0.28046875 0.103515625 0.076171875
11 0.625 0.3140625 0.09921875 0.081640625
6 0.7625 0.23828125 0.091015625 0.1015625
11 0.80078125 0.334375 0.0765625 0.159375
0 0.84453125 0.246875 0.0109375 0.01640625
0 0.84453125 0.2625 0.0125 0.01796875
11 0.85234375 0.34921875 0.073046875 0.145703125
12 0.8984375 0.39609375 0.034765625 0.045703125
11 0.909375 0.35625 0.0375 0.09921875
11 0.93359375 0.36875 0.034375 0.0953125
0 0.94609375 0.3609375 0.0109375 0.018359375
11 0.88828125 0.225 0.1 0.078515625
16 0.953125 0.33359375 0.09375 0.13828125
6 0.97265625 0.2375 0.028125 0.033984375
10 0.959375 0.45703125 0.080859375 0.101953125
0 0.94140625 0.5671875 0.02734375 0.04765625
10 0.88203125 0.32265625 0.051953125 0.091796875