11 0.5234375 0.5984375 0.10234375 0.053515625
11 0.53515625 0.68359375 0.069921875 0.0828125
11 0.4625 0.68828125 0.096484375 0.060546875
11 0.42109375 0.63828125 0.103125 0.076171875
11 0.41328125 0.60859375 0.098828125 0.073828125
6 0.284375 0.69140625 0.08203125 0.1078125
11 0.2421875 0.596875 0.078515625 0.150390625
0 0.20546875 0.6859375 0.0109375 0.01796875
0 0.20546875 0.67109375 0.01171875 0.015625
11 0.19140625 0.584375 0.0703125 0.1484375
6 0.1609375 0.58515625 0.022265625 0.033203125
10 0.1640625 0.62734375 0.041015625 0.060546875
12 0.146875 0.53984375 0.034375 0.042578125
11 0.13984375 0.57890625 0.032421875 0.0984375
11 0.1171875 0.56875 0.028515625 0.09453125
13 0.08203125 0.53046875 0.01328125 0.0203125
12 0.1046875 0.58046875 0.00859375 0.021875
11 0.028125 0.45390625 0.02734375 0.1
0 0.009375 0.63671875 0.0109375 0.01796875
0 0.0203125 0.6453125 0.0125 0.02265625
6 0.109375 0.37890625 0.025390625 0.04375
10 0.09140625 0.4703125 0.07421875 0.125
6 0.0859375 0.70390625 0.025 0.03125
11 0.04296875 0.73828125 0.06484375 0.12421875
11 0.03671875 0.63671875 0.029296875 0.101171875
11 0.01953125 0.69296875 0.0390625 0.05625
11 0.15546875 0.70859375 0.115625 0.080078125
16 0.0734375 0.5796875 0.146484375 0.199609375