0 0.41875 0.34296875 0.0125 0.01875
11 0.47109375 0.3046875 0.06953125 0.08515625
11 0.48203125 0.3890625 0.1015625 0.05859375
11 0.5421875 0.296875 0.09921875 0.059375
11 0.58515625 0.34921875 0.10625 0.0734375
11 0.59296875 0.3828125 0.1 0.0796875
6 0.7265625 0.30234375 0.09375 0.09921875
11 0.7625 0.39375 0.0765625 0.15703125
11 0.8078125 0.39921875 0.06328125 0.13125
0 0.8015625 0.3203125 0.0125 0.01640625
0 0.8015625 0.30625 0.0125 0.01640625
11 0.85 0.28046875 0.11328125 0.0796875
6 0.8453125 0.40390625 0.0234375 0.0359375
10 0.83984375 0.37890625 0.05078125 0.0953125
12 0.85703125 0.4515625 0.0328125 0.04453125
11 0.865625 0.41015625 0.03359375 0.096875
11 0.8890625 0.4234375 0.0328125 0.0953125
12 0.9 0.4171875 0.009375 0.0265625
13 0.92265625 0.46171875 0.01171875 0.01953125
10 0.91484375 0.51953125 0.07421875 0.12265625
11 0.97578125 0.5390625 0.0296875 0.1015625
16 0.9703125 0.4796875 0.059375 0.0375
11 0.9703125 0.3546875 0.02890625 0.096875
0 0.98515625 0.34765625 0.01328125 0.0234375
0 0.9953125 0.35703125 0.00859375 0.01796875
6 0.98671875 0.39453125 0.01171875 0.01953125
11 0.965625 0.253125 0.0609375 0.1171875
11 0.9828125 0.3015625 0.03359375 0.05703125
6 0.92109375 0.2890625 0.025 0.03671875
6 0.8953125 0.61171875 0.0265625 0.04609375