18 0.31484375 0.678125 0.01796875 0.04140625
18 0.5125 0.49375 0.0078125 0.025
18 0.26484375 0.5484375 0.02109375 0.02578125
18 0.29375 0.52734375 0.01875 0.02265625
18 0.31171875 0.5234375 0.01796875 0.0140625
18 0.32734375 0.515625 0.01875 0.01484375
18 0.35 0.509375 0.0171875 0.01640625
18 0.46015625 0.45390625 0.009375 0.0234375
18 0.5 0.390625 0.01953125 0.015625
18 0.50390625 0.3828125 0.00859375 0.0125
18 0.50390625 0.37265625 0.0140625 0.0109375
18 0.51015625 0.3625 0.0140625 0.0203125
18 0.32421875 0.45390625 0.02578125 0.021875
18 0.28515625 0.42109375 0.01484375 0.0171875
18 0.3453125 0.31015625 0.01640625 0.02109375
18 0.38515625 0.23984375 0.01484375 0.02109375
18 0.4109375 0.2421875 0.0078125 0.01796875
18 0.50078125 0.26796875 0.0171875 0.0171875
18 0.428125 0.221875 0.01640625 0.0171875
18 0.665625 0.378125 0.01015625 0.02109375
18 0.48046875 0.15234375 0.01171875 0.0125
18 0.49296875 0.1390625 0.0140625 0.01015625
18 0.49453125 0.13203125 0.01015625 0.00859375
18 0.4890625 0.1171875 0.01328125 0.0109375
18 0.48671875 0.10234375 0.00703125 0.0140625
18 0.50625 0.115625 0.00859375 0.0078125
18 0.5171875 0.1125 0.01484375 0.01171875
18 0.5296875 0.08515625 0.0140625 0.01015625
18 0.54609375 0.08671875 0.00625 0.01328125
18 0.55234375 0.09765625 0.0109375 0.0078125
18 0.56171875 0.08359375 0.0125 0.0078125
18 0.56484375 0.08984375 0.00859375 0.015625
18 0.57578125 0.0765625 0.009375 0.00546875
18 0.5796875 0.08203125 0.0109375 0.0078125
18 0.61171875 0.0890625 0.01171875 0.00859375
18 0.56328125 0.06328125 0.01171875 0.01328125
18 0.56953125 0.059375 0.0046875 0.009375
18 0.57265625 0.065625 0.01015625 0.01015625
18 0.5953125 0.0609375 0.0109375 0.0078125
18 0.59609375 0.065625 0.009375 0.009375
18 0.61875 0.078125 0.00390625 0.0109375
18 0.62421875 0.07265625 0.01015625 0.00859375
18 0.625 0.065625 0.0078125 0.00546875
18 0.62421875 0.06171875 0.00546875 0.0078125
18 0.60234375 0.05 0.0140625 0.0078125
18 0.60703125 0.05546875 0.00859375 0.00546875
18 0.60234375 0.0578125 0.0078125 0.00625
18 0.60859375 0.04609375 0.01015625 0.0046875
18 0.60546875 0.03671875 0.009375 0.00703125
18 0.60546875 0.0328125 0.00859375 0.0078125
18 0.61171875 0.03515625 0.0109375 0.0078125
18 0.584375 0.03671875 0.01484375 0.01015625
18 0.565625 0.0203125 0.015625 0.0109375
18 0.58828125 0.0234375 0.00859375 0.0078125
18 0.63125 0.01953125 0.0109375 0.0140625
18 0.64765625 0.00546875 0.0171875 0.0109375
18 0.64921875 0.03359375 0.00703125 0.00859375
18 0.68828125 0.021875 0.01328125 0.0078125