18 0.8046875 0.0640625 0.01328125 0.02734375
18 0.93671875 0.003125 0.0046875 0.00625
18 0.7515625 0.15390625 0.0078125 0.01796875
18 0.77890625 0.17109375 0.01875 0.0171875
18 0.80546875 0.27578125 0.01328125 0.01953125
18 0.7328125 0.1453125 0.015234375 0.01484375
18 0.7328125 0.15546875 0.016015625 0.014453125
18 0.72890625 0.15546875 0.0125 0.01328125
18 0.68984375 0.15625 0.015625 0.009765625
18 0.78359375 0.10234375 0.0140625 0.013671875
18 0.79375 0.10703125 0.01328125 0.01484375
18 0.72734375 0.2125 0.017578125 0.006640625
18 0.73046875 0.22265625 0.020703125 0.016796875
18 0.63671875 0.26953125 0.00859375 0.021875
18 0.58046875 0.25703125 0.03125 0.03125
18 0.71484375 0.26953125 0.025 0.021875
18 0.7296875 0.3078125 0.012890625 0.021875
18 0.66640625 0.30625 0.0109375 0.02421875
18 0.659375 0.30625 0.009765625 0.02421875
18 0.65234375 0.3234375 0.0171875 0.01171875
18 0.6359375 0.3234375 0.018359375 0.022265625
18 0.65625 0.34765625 0.012890625 0.020703125
18 0.68671875 0.39296875 0.014453125 0.0234375
18 0.68515625 0.40625 0.01875 0.01953125
18 0.68046875 0.42578125 0.015625 0.011328125
18 0.6765625 0.43828125 0.01484375 0.02578125
18 0.66796875 0.46796875 0.0078125 0.025
18 0.646875 0.36015625 0.021875 0.0203125
18 0.65390625 0.3703125 0.017578125 0.016015625
18 0.646875 0.38125 0.015625 0.019140625
18 0.63671875 0.39140625 0.0171875 0.014453125
18 0.640625 0.39921875 0.015625 0.019921875
18 0.59921875 0.38203125 0.01171875 0.0265625
18 0.59609375 0.3953125 0.0125 0.022265625
18 0.59296875 0.40859375 0.015625 0.032421875
18 0.60703125 0.4625 0.0078125 0.02421875
18 0.6125 0.47109375 0.00859375 0.0171875
18 0.58046875 0.47421875 0.013671875 0.019921875
18 0.58046875 0.4859375 0.0171875 0.021875
18 0.58984375 0.490625 0.019921875 0.015625
18 0.56953125 0.52265625 0.0140625 0.023828125
18 0.559375 0.46640625 0.018359375 0.036328125
18 0.53125 0.484375 0.01328125 0.034765625
18 0.5046875 0.57421875 0.022265625 0.0296875
18 0.32265625 0.96796875 0.03203125 0.03125
18 0.43984375 0.70859375 0.011328125 0.0484375
18 0.4484375 0.68203125 0.02109375 0.029296875
18 0.44765625 0.66953125 0.015625 0.020703125
18 0.46796875 0.6484375 0.0203125 0.034375
18 0.45546875 0.59296875 0.02578125 0.0328125
18 0.471875 0.55859375 0.025 0.038671875
18 0.43984375 0.51484375 0.011328125 0.034375
18 0.32734375 0.553125 0.0171875 0.025