8 0.359375 0.87421875 0.01875 0.028125
8 0.37578125 0.90390625 0.02734375 0.03984375
8 0.390625 0.89296875 0.02265625 0.02421875
8 0.403125 0.9140625 0.02734375 0.01875
8 0.3875 0.8296875 0.02265625 0.0265625
8 0.28046875 0.75859375 0.028125 0.0296875
8 0.28671875 0.68984375 0.0171875 0.023828125
8 0.36640625 0.56953125 0.0078125 0.023046875
8 0.67890625 0.7359375 0.0203125 0.016015625
8 0.80546875 0.85 0.023046875 0.01328125
8 0.75234375 0.58125 0.011328125 0.012890625
8 0.7640625 0.57421875 0.01484375 0.009375
8 0.77890625 0.57890625 0.015625 0.015625
8 0.80703125 0.60625 0.019921875 0.012109375
8 0.809375 0.54453125 0.015625 0.0140625
8 0.91484375 0.45703125 0.013671875 0.011328125
8 0.44453125 0.48984375 0.008203125 0.015625
8 0.6234375 0.4609375 0.01875 0.01015625
8 0.3828125 0.45234375 0.01875 0.011328125
8 0.41328125 0.303125 0.0078125 0.012890625
8 0.42890625 0.32890625 0.009375 0.014453125
8 0.45859375 0.228125 0.0140625 0.009375
8 0.4671875 0.26875 0.01640625 0.0125
8 0.4625 0.2234375 0.00703125 0.008984375
9 0.46796875 0.1390625 0.01796875 0.0140625
8 0.490625 0.196875 0.01328125 0.006640625
8 0.5015625 0.190625 0.012890625 0.008984375
8 0.51171875 0.17890625 0.009375 0.011328125
8 0.51171875 0.1359375 0.00859375 0.01015625
8 0.52265625 0.15859375 0.0125 0.0125
8 0.52734375 0.1578125 0.00546875 0.0078125
8 0.53203125 0.1578125 0.0109375 0.012890625
8 0.53984375 0.159375 0.0078125 0.009375
8 0.5515625 0.1671875 0.016015625 0.009765625
8 0.6078125 0.15234375 0.003515625 0.011328125
8 0.6421875 0.15546875 0.00625 0.011328125
8 0.69375 0.18828125 0.01015625 0.00703125
8 0.68046875 0.1375 0.009375 0.0125
8 0.76640625 0.0875 0.0109375 0.012890625
8 0.8234375 0.00625 0.008984375 0.006640625
8 0.6484375 0.11875 0.00859375 0.008984375
8 0.671875 0.05625 0.01015625 0.01171875
8 0.653125 0.00234375 0.006640625 0.004296875
9 0.60078125 0.0171875 0.010546875 0.009375
8 0.528125 0.06640625 0.00859375 0.00703125
8 0.57734375 0.0734375 0.010546875 0.00859375
8 0.57734375 0.084375 0.0125 0.01171875
8 0.5890625 0.12578125 0.003515625 0.008203125
8 0.59609375 0.11875 0.00859375 0.00703125
8 0.62734375 0.13515625 0.00546875 0.0125
8 0.58203125 0.04765625 0.009375 0.00703125
10 0.63671875 0.07109375 0.008203125 0.008203125
8 0.63203125 0.0953125 0.0078125 0.005859375
8 0.64140625 0.1078125 0.01015625 0.00546875
8 0.6375 0.11171875 0.01171875 0.007421875
8 0.3625 0.56640625 0.008984375 0.020703125
8 0.3859375 0.44765625 0.016015625 0.007421875
9 0.58515625 0.04453125 0.0125 0.009375
8 0.59140625 0.11796875 0.009375 0.007421875
10 0.33671875 0.35859375 0.0046875 0.009375
8 0.64453125 0.10625 0.0078125 0.00546875
8 0.63828125 0.103125 0.010546875 0.005859375
8 0.62734375 0.0921875 0.01015625 0.00546875
8 0.634375 0.08046875 0.01171875 0.0125
8 0.63203125 0.08359375 0.0078125 0.008203125
8 0.625 0.08359375 0.009375 0.0046875
8 0.6203125 0.0859375 0.0078125 0.009375