9 0.39765625 0.046875 0.053125 0.065625
9 0.43359375 0.08828125 0.02265625 0.06484375
9 0.6140625 0.1296875 0.0359375 0.05546875
9 0.27890625 0.00625 0.01875 0.0125
9 0.1984375 0.03984375 0.03515625 0.03515625
8 0.16796875 0.234375 0.01328125 0.0328125
8 0.21015625 0.25234375 0.01640625 0.0109375
8 0.2078125 0.2796875 0.0125 0.0296875
9 0.2875 0.2640625 0.02734375 0.04921875
8 0.15234375 0.353125 0.02578125 0.02578125
8 0.10078125 0.4421875 0.015625 0.03984375
9 0.20703125 0.4671875 0.065625 0.0921875
9 0.38125 0.5890625 0.09921875 0.11875
9 0.4265625 0.68203125 0.02734375 0.0453125
9 0.35546875 0.6671875 0.03359375 0.0484375
8 0.3109375 0.76796875 0.02421875 0.0171875
9 0.25078125 0.78359375 0.015625 0.03046875
8 0.23828125 0.925 0.015625 0.0375
8 0.18671875 0.99140625 0.028125 0.0171875
9 0.43359375 0.9578125 0.06328125 0.084375
9 0.378125 0.790625 0.0359375 0.07421875
9 0.35625 0.80859375 0.02265625 0.05703125
8 0.18359375 0.1140625 0.01328125 0.0375
9 0.18671875 0.228125 0.02734375 0.0375