9 0.596875 0.06875 0.01953125 0.0203125
9 0.5203125 0.0046875 0.00546875 0.00703125
9 0.65546875 0.10390625 0.01015625 0.02109375
10 0.68125 0.10390625 0.0140625 0.01015625
10 0.6296875 0.1109375 0.00703125 0.00703125
8 0.66015625 0.171875 0.00859375 0.00625
8 0.69375 0.175 0.0046875 0.009375
9 0.625 0.15625 0.01796875 0.025
9 0.609375 0.15390625 0.01953125 0.0265625
9 0.5921875 0.178125 0.00390625 0.01015625
9 0.61640625 0.203125 0.015625 0.01875
8 0.65 0.23671875 0.01171875 0.009375
8 0.63359375 0.23515625 0.02265625 0.0265625
9 0.59765625 0.27265625 0.02421875 0.0234375
9 0.58671875 0.28671875 0.02109375 0.0234375
9 0.57890625 0.30703125 0.02421875 0.02421875
9 0.61171875 0.29140625 0.01875 0.02109375
9 0.6359375 0.3125 0.025 0.02578125
9 0.603125 0.35546875 0.01640625 0.01875
8 0.65546875 0.43046875 0.0078125 0.01796875
9 0.66484375 0.4828125 0.03515625 0.04453125
8 0.7453125 0.54453125 0.0140625 0.01796875
8 0.76484375 0.5171875 0.01640625 0.0078125
9 0.7609375 0.6078125 0.01171875 0.015625
8 0.721875 0.6171875 0.0171875 0.00859375
9 0.91171875 0.75546875 0.05859375 0.08046875
9 0.97734375 0.80859375 0.01484375 0.0359375
10 0.975 0.91328125 0.02734375 0.02890625
8 0.95390625 0.96796875 0.0109375 0.03046875
8 0.9609375 0.99453125 0.0203125 0.0109375
9 0.9046875 0.97578125 0.0375 0.0484375
9 0.8390625 0.975 0.04375 0.05
9 0.70546875 0.70078125 0.06953125 0.09765625
9 0.721875 0.67265625 0.02578125 0.03828125
9 0.6484375 0.621875 0.0203125 0.02421875
10 0.77578125 0.67734375 0.0171875 0.01328125
8 0.65390625 0.2359375 0.01015625 0.0078125
9 0.6796875 0.59609375 0.03203125 0.04453125