8 0.60234375 0.09765625 0.02578125 0.02109375
8 0.7328125 0.16875 0.03203125 0.0234375
8 0.725 0.1828125 0.02890625 0.0203125
8 0.71015625 0.21015625 0.0265625 0.01875
8 0.6953125 0.2859375 0.0296875 0.01796875
8 0.771875 0.209375 0.02734375 0.01484375
8 0.87578125 0.334375 0.02890625 0.0140625
8 0.8171875 0.38515625 0.04453125 0.02578125
8 0.82421875 0.515625 0.028125 0.0375
8 0.68984375 0.51171875 0.021875 0.03359375
8 0.52578125 0.43203125 0.03046875 0.015625
8 0.49921875 0.6515625 0.0421875 0.0359375
8 0.34453125 0.296875 0.02734375 0.0140625
8 0.209375 0.60546875 0.03359375 0.0390625
8 0.27421875 0.46328125 0.028125 0.034375
8 0.36796875 0.51015625 0.01640625 0.0390625
8 0.37265625 0.56640625 0.02890625 0.0203125
8 0.83515625 0.5140625 0.02890625 0.03671875
8 0.375 0.54765625 0.02109375 0.03046875