8 0.63203125 0.128125 0.0125 0.028125
8 0.3328125 0.3984375 0.03046875 0.0171875
9 0.41640625 0.996875 0.01328125 0.00625
8 0.50234375 0.965625 0.0359375 0.040625
8 0.4984375 0.77109375 0.0328125 0.04453125
8 0.54453125 0.76328125 0.03984375 0.03046875
8 0.37421875 0.65859375 0.034375 0.04375
8 0.7265625 0.7875 0.0421875 0.034375
8 0.84140625 0.7546875 0.06328125 0.046875
8 0.934375 0.92890625 0.05859375 0.06875
8 0.86796875 0.42265625 0.0265625 0.03359375
8 0.684375 0.4234375 0.034375 0.025
8 0.72421875 0.30078125 0.02109375 0.02890625
8 0.7546875 0.253125 0.0140625 0.0328125
8 0.74609375 0.19921875 0.028125 0.03671875
8 0.73203125 0.21953125 0.01640625 0.0328125
8 0.73671875 0.77734375 0.04296875 0.03671875
8 0.94921875 0.92265625 0.04765625 0.05859375