9 0.6609375 0.21875 0.09609375 0.1
9 0.55703125 0.39296875 0.051953125 0.078125
9 0.68515625 0.48515625 0.04765625 0.07421875
9 0.7171875 0.51171875 0.041015625 0.063671875
9 0.7921875 0.65859375 0.034375 0.0421875
9 0.890625 0.73984375 0.046484375 0.051171875
8 0.91171875 0.853125 0.017578125 0.056640625
9 0.64453125 0.68671875 0.040625 0.1
9 0.5765625 0.61484375 0.015234375 0.021875
9 0.40078125 0.63203125 0.0296875 0.04375
9 0.35859375 0.85859375 0.04765625 0.08046875
9 0.59375 0.79375 0.028515625 0.06328125