8 0.07109375 0.03984375 0.034375 0.0453125
8 0.13671875 0.2109375 0.0359375 0.05078125
8 0.1140625 0.36953125 0.05234375 0.0359375
8 0.15 0.3953125 0.05 0.034765625
8 0.1109375 0.42265625 0.030859375 0.0453125
8 0.13046875 0.46875 0.0390625 0.053515625
8 0.16953125 0.49296875 0.03125 0.0265625
8 0.20859375 0.509375 0.03828125 0.028125
8 0.28203125 0.484375 0.0296875 0.030859375
8 0.2453125 0.39375 0.02890625 0.0375
8 0.3796875 0.48828125 0.02265625 0.023046875
10 0.30546875 0.5671875 0.020703125 0.033984375
8 0.39140625 0.571875 0.0296875 0.015625
8 0.76875 0.4421875 0.01328125 0.04140625
8 0.4609375 0.5515625 0.03203125 0.028125
8 0.42734375 0.5609375 0.026953125 0.016015625
8 0.44453125 0.59453125 0.0375 0.03125
8 0.37890625 0.74765625 0.008203125 0.023828125
8 0.59140625 0.60625 0.021875 0.015625
8 0.54375 0.51875 0.028125 0.01953125
8 0.6125 0.7265625 0.01875 0.01796875
8 0.540625 0.78046875 0.00703125 0.019921875
8 0.478125 0.76484375 0.025 0.016796875
8 0.48671875 0.8140625 0.01484375 0.0265625
8 0.70859375 0.7234375 0.0234375 0.01796875
8 0.84609375 0.8015625 0.01953125 0.01953125
8 0.64296875 0.89921875 0.0125 0.017578125
8 0.5671875 0.93984375 0.015625 0.0125
8 0.65703125 0.9546875 0.00859375 0.01796875
8 0.6515625 0.97890625 0.012109375 0.014453125
8 0.66484375 0.98828125 0.0078125 0.01875
9 0.3234375 0.9203125 0.015625 0.01875
8 0.60390625 0.73203125 0.011328125 0.021875
8 0.534375 0.7796875 0.00703125 0.02109375
8 0.47109375 0.76875 0.020703125 0.015234375
8 0.109375 0.37734375 0.03671875 0.0171875
2 0.15859375 0.4140625 0.020703125 0.02109375
8 0.12578125 0.4796875 0.02734375 0.03671875
8 0.4359375 0.5703125 0.034375 0.021875
8 0.5859375 0.62421875 0.0078125 0.02734375
8 0.59296875 0.6296875 0.0078125 0.021875