8 0.7609375 0.20703125 0.06015625 0.04921875
8 0.64296875 0.54609375 0.029296875 0.041796875
8 0.62421875 0.5875 0.020703125 0.040625
8 0.61015625 0.57734375 0.040625 0.05078125
8 0.59453125 0.61328125 0.020703125 0.032421875
8 0.65078125 0.65546875 0.026171875 0.034375
8 0.53671875 0.77109375 0.034375 0.025
8 0.55078125 0.8046875 0.011328125 0.022265625
8 0.67109375 0.86875 0.009375 0.01953125
8 0.72734375 0.9390625 0.025 0.01640625
8 0.7875 0.90078125 0.01640625 0.01171875
8 0.678125 0.8671875 0.009375 0.022265625