8 0.43828125 0.8859375 0.013671875 0.025390625
8 0.55234375 0.8390625 0.023046875 0.033984375
8 0.54140625 0.81484375 0.015625 0.030078125
8 0.5625 0.78671875 0.01328125 0.0296875
8 0.53828125 0.734375 0.016796875 0.031640625
8 0.68046875 0.6484375 0.025 0.02890625
8 0.52109375 0.60234375 0.026953125 0.033203125
8 0.1484375 0.5390625 0.03515625 0.01875
8 0.240625 0.25 0.041015625 0.046484375
8 0.3953125 0.15625 0.033984375 0.053515625
8 0.421875 0.16640625 0.040234375 0.0421875
8 0.596875 0.2140625 0.041015625 0.028125
8 0.59375 0.19921875 0.04140625 0.03046875
8 0.71015625 0.2515625 0.036328125 0.06640625
8 0.74765625 0.08515625 0.059375 0.04375
8 0.759375 0.103125 0.04921875 0.03828125