18 0.47421875 0.6640625 0.084375 0.12265625
18 0.7765625 0.6828125 0.0625 0.121875
18 0.90859375 0.73359375 0.0484375 0.108203125
18 0.328125 0.39609375 0.071484375 0.146875
18 0.58671875 0.53984375 0.085546875 0.1203125
18 0.91953125 0.4453125 0.07734375 0.14140625
18 0.97578125 0.0453125 0.0484375 0.090234375
18 0.84453125 0.12578125 0.05390625 0.06328125
18 0.8109375 0.0453125 0.053515625 0.087109375
18 0.71953125 0.1375 0.076171875 0.08046875
18 0.68515625 0.028125 0.0640625 0.05546875
18 0.38984375 0.03984375 0.070703125 0.079296875