8 0.8171875 0.21875 0.028125 0.0375
8 0.83671875 0.2265625 0.0140625 0.03359375
8 0.79375 0.24375 0.01796875 0.01171875
8 0.796875 0.27109375 0.012890625 0.030078125
8 0.853125 0.34765625 0.02578125 0.0234375
8 0.90703125 0.43828125 0.015625 0.03828125
8 0.82109375 0.10390625 0.01328125 0.0375
9 0.8046875 0.02890625 0.03515625 0.0359375
9 0.7265625 0.00390625 0.01796875 0.0078125
9 0.56796875 0.08125 0.025 0.06484375
9 0.60859375 0.03984375 0.0546875 0.066796875
9 0.38359375 0.121875 0.0375 0.059375
9 0.7171875 0.25625 0.030859375 0.047265625
9 0.80078125 0.45859375 0.0640625 0.092578125
9 0.6203125 0.58828125 0.10234375 0.1171875
9 0.57109375 0.684375 0.026953125 0.04296875
9 0.6484375 0.6625 0.034375 0.049609375
7 0.7390625 0.65625 0.02265625 0.0203125
8 0.6921875 0.76953125 0.025 0.014453125
9 0.75390625 0.78671875 0.0140625 0.03125
8 0.76796875 0.93046875 0.015625 0.03671875
8 0.82109375 0.99609375 0.026953125 0.0078125
9 0.646875 0.809375 0.022265625 0.058984375
9 0.62578125 0.79296875 0.03515625 0.0734375
9 0.56875 0.9625 0.06328125 0.075