18 0.3828125 0.27109375 0.00390625 0.0046875
18 0.37734375 0.2703125 0.00390625 0.00625
18 0.36796875 0.28125 0.00390625 0.0046875
18 0.371875 0.28046875 0.00390625 0.0046875
18 0.353125 0.28984375 0.00703125 0.00546875
18 0.35859375 0.28828125 0.0046875 0.00625
18 0.33984375 0.2953125 0.00390625 0.00625
18 0.3390625 0.3 0.00625 0.00703125
18 0.3390625 0.30546875 0.00390625 0.00703125
18 0.384375 0.25390625 0.0078125 0.00390625
18 0.396875 0.2453125 0.0109375 0.00390625
18 0.390625 0.25 0.0109375 0.003125
18 0.375 0.2546875 0.0078125 0.00390625
18 0.38671875 0.25703125 0.00859375 0.003125
18 0.41015625 0.2484375 0.00390625 0.009375