8 0.6203125 0.003125 0.0078125 0.0046875
8 0.57265625 0.02265625 0.003125 0.00859375
8 0.51171875 0.01640625 0.00859375 0.009375
8 0.515625 0.04140625 0.0046875 0.00859375
8 0.51328125 0.06328125 0.003125 0.00859375
8 0.54765625 0.075 0.0046875 0.00859375
8 0.55078125 0.08984375 0.00625 0.00625
8 0.5390625 0.12109375 0.00703125 0.00859375
8 0.53984375 0.13671875 0.009375 0.0125
8 0.53828125 0.1484375 0.0078125 0.0078125
8 0.67109375 0.31484375 0.01015625 0.0140625
10 0.584375 0.21171875 0.01015625 0.0078125
10 0.5734375 0.2328125 0.0125 0.0125
8 0.53671875 0.23125 0.015625 0.015625
8 0.50390625 0.17109375 0.00625 0.00859375
8 0.51875 0.17578125 0.00390625 0.01015625
8 0.478125 0.20390625 0.00390625 0.009375
8 0.46640625 0.19296875 0.00625 0.00859375
8 0.42265625 0.11328125 0.009375 0.0109375
8 0.44921875 0.09140625 0.01015625 0.0109375
8 0.43671875 0.1125 0.0078125 0.00546875
8 0.4703125 0.09453125 0.00703125 0.00546875
8 0.4796875 0.0796875 0.00703125 0.00625
8 0.4953125 0.07578125 0.00546875 0.00546875
8 0.5046875 0.08046875 0.0078125 0.0046875
8 0.4828125 0.0953125 0.0078125 0.00625
8 0.75703125 0.22109375 0.0109375 0.00703125
9 0.7671875 0.4734375 0.0375 0.04296875
10 0.90078125 0.70078125 0.015625 0.0234375
9 0.828125 0.63828125 0.0203125 0.03671875
9 0.83984375 0.71640625 0.0453125 0.04609375
9 0.88828125 0.771875 0.046875 0.04453125
9 0.865625 0.8203125 0.034375 0.04765625
9 0.9109375 0.91953125 0.05078125 0.06015625
8 0.81328125 0.89921875 0.0203125 0.015625
8 0.578125 0.02421875 0.00703125 0.00859375
8 0.57578125 0.021875 0.003125 0.0078125
8 0.50234375 0.07734375 0.003125 0.009375
8 0.534375 0.1203125 0.00859375 0.00625
8 0.48046875 0.09453125 0.00625 0.0078125
8 0.53671875 0.1375 0.00546875 0.0078125
10 0.4609375 0.19375 0.0078125 0.009375