8 0.58671875 0.33671875 0.01015625 0.01171875
8 0.615625 0.23828125 0.00390625 0.0078125
8 0.653125 0.1359375 0.00234375 0.00703125
8 0.58046875 0.22890625 0.00546875 0.00703125
8 0.58203125 0.1796875 0.00546875 0.00390625
8 0.5859375 0.18125 0.00234375 0.00546875
9 0.58828125 0.18359375 0.00390625 0.00546875
8 0.5921875 0.18203125 0.00703125 0.00546875
8 0.596875 0.184375 0.003125 0.00625
8 0.5140625 0.26171875 0.00703125 0.0078125
8 0.52734375 0.26640625 0.00859375 0.0078125
8 0.51640625 0.2734375 0.0078125 0.00703125
8 0.51953125 0.27734375 0.0078125 0.00625
8 0.51953125 0.2890625 0.01015625 0.009375
8 0.49296875 0.23984375 0.00625 0.01015625
8 0.471875 0.23203125 0.00625 0.00625
8 0.4734375 0.18828125 0.003125 0.00703125
8 0.4796875 0.15390625 0.00625 0.0078125
8 0.5046875 0.1546875 0.003125 0.0046875
7 0.5328125 0.14375 0.0078125 0.0046875
8 0.41875 0.09765625 0.00625 0.00390625
8 0.4640625 0.13046875 0.00625 0.0046875
8 0.4578125 0.10234375 0.00703125 0.0078125
8 0.46484375 0.09140625 0.00703125 0.00625
8 0.459375 0.0828125 0.003125 0.0078125
8 0.46328125 0.075 0.003125 0.00703125
7 0.45546875 0.07890625 0.00546875 0.00625
7 0.4140625 0.0375 0.00859375 0.0078125
8 0.428125 0.00234375 0.003125 0.0046875
8 0.45234375 0.003125 0.00546875 0.00390625
8 0.45625 0.01328125 0.00234375 0.00546875
8 0.4453125 0.02734375 0.0046875 0.0078125
8 0.52890625 0.0515625 0.00390625 0.0046875
8 0.525 0.015625 0.00390625 0.00703125
8 0.4875 0.0015625 0.003125 0.003125
9 0.48359375 0.0078125 0.00390625 0.00390625
8 0.47578125 0.01953125 0.00546875 0.003125
8 0.47890625 0.01953125 0.003125 0.0046875
8 0.47265625 0.0265625 0.0046875 0.00546875
8 0.48203125 0.02578125 0.00703125 0.0046875
8 0.48515625 0.02421875 0.00546875 0.00625
8 0.48828125 0.028125 0.0046875 0.003125
8 0.49296875 0.028125 0.00546875 0.003125
8 0.4984375 0.028125 0.00546875 0.00390625
8 0.50234375 0.0296875 0.003125 0.003125
8 0.5 0.03828125 0.00234375 0.00546875
8 0.503125 0.03515625 0.003125 0.00390625
8 0.5046875 0.03125 0.00234375 0.0046875
8 0.4890625 0.0328125 0.0046875 0.00546875
8 0.48125 0.0390625 0.0046875 0.00390625
8 0.48046875 0.03828125 0.0046875 0.00390625
8 0.4765625 0.03984375 0.00390625 0.00546875
8 0.475 0.04921875 0.00234375 0.0046875
8 0.4875 0.0609375 0.00390625 0.00546875
8 0.46328125 0.04921875 0.0046875 0.00546875
8 0.46015625 0.05 0.00625 0.00390625
8 0.4609375 0.05546875 0.00625 0.00625
8 0.51171875 0.0625 0.003125 0.00703125
8 0.471875 0.1875 0.00234375 0.00703125