18 0.40625 0.07109375 0.0546875 0.04140625
18 0.2703125 0.01953125 0.053125 0.0390625
18 0.221875 0.03046875 0.062890625 0.060546875
18 0.1421875 0.07890625 0.030859375 0.036328125
18 0.0875 0.178125 0.03671875 0.046875
18 0.08984375 0.21171875 0.0140625 0.029296875
18 0.11328125 0.2671875 0.02578125 0.0328125
18 0.103125 0.2796875 0.01796875 0.02734375
18 0.13515625 0.2765625 0.020703125 0.0125
18 0.13515625 0.290625 0.01015625 0.01640625
18 0.10625 0.35234375 0.02734375 0.03046875
18 0.084375 0.40078125 0.01796875 0.03671875
18 0.26484375 0.52265625 0.0234375 0.029296875
18 0.2484375 0.4453125 0.018359375 0.021875
18 0.30859375 0.4890625 0.02578125 0.03046875
18 0.28359375 0.60625 0.030078125 0.040234375
18 0.259375 0.66015625 0.03828125 0.0234375
18 0.41953125 0.76015625 0.021875 0.039453125
18 0.52265625 0.97734375 0.026953125 0.044921875
18 0.61875 0.725 0.066015625 0.062890625
18 0.6203125 0.7703125 0.04921875 0.06015625
18 0.5375 0.7015625 0.03359375 0.06328125
18 0.50234375 0.6421875 0.048828125 0.094140625
18 0.534375 0.5453125 0.03984375 0.090625
18 0.5484375 0.52734375 0.071484375 0.092578125
18 0.51015625 0.42578125 0.0375 0.039453125
18 0.54140625 0.40078125 0.0390625 0.061328125
18 0.4140625 0.5078125 0.05 0.083984375
18 0.44375 0.61640625 0.049609375 0.0796875
18 0.36328125 0.478125 0.04375 0.05546875
18 0.39765625 0.4015625 0.04921875 0.05234375
18 0.34140625 0.39921875 0.0328125 0.0453125
18 0.34609375 0.3625 0.023046875 0.04453125
18 0.30234375 0.35234375 0.098828125 0.082421875
18 0.2296875 0.26484375 0.04765625 0.0671875
18 0.2125 0.20625 0.03828125 0.04453125