18 0.39453125 0.00703125 0.0046875 0.0078125
18 0.45234375 0.03984375 0.007421875 0.005078125
18 0.5046875 0.046875 0.0078125 0.00625
18 0.4375 0.04140625 0.005859375 0.005078125
18 0.43828125 0.0546875 0.009375 0.00546875
18 0.4234375 0.05859375 0.008984375 0.0046875
18 0.45546875 0.08125 0.0046875 0.006640625
18 0.49296875 0.13515625 0.004296875 0.010546875
18 0.47265625 0.1578125 0.009375 0.009375
18 0.4265625 0.14375 0.009765625 0.00703125
18 0.43046875 0.140625 0.00859375 0.00546875
18 0.43359375 0.14609375 0.009375 0.007421875
18 0.4421875 0.17421875 0.006640625 0.007421875
18 0.41796875 0.17890625 0.0125 0.008203125
18 0.4109375 0.175 0.009765625 0.006640625
18 0.54453125 0.1640625 0.009375 0.01015625
18 0.36953125 0.2203125 0.0125 0.0109375
18 0.4125 0.21640625 0.0140625 0.0171875
18 0.4578125 0.21796875 0.012890625 0.0109375
18 0.4625 0.2390625 0.015234375 0.012890625
18 0.51015625 0.25234375 0.014453125 0.020703125
18 0.4109375 0.25234375 0.012109375 0.011328125
18 0.41015625 0.22734375 0.0140625 0.0109375
18 0.440625 0.2625 0.012109375 0.008984375
18 0.4453125 0.26484375 0.009375 0.0078125
18 0.44375 0.271875 0.00703125 0.006640625
18 0.44921875 0.2734375 0.015625 0.00859375
18 0.45234375 0.278125 0.0109375 0.009375
18 0.45703125 0.28046875 0.00625 0.009375
18 0.47734375 0.28125 0.00859375 0.01171875
18 0.47265625 0.28359375 0.0109375 0.0078125
18 0.4875 0.28828125 0.009375 0.010546875
18 0.49140625 0.29375 0.00859375 0.00859375
18 0.4890625 0.30390625 0.009375 0.007421875
18 0.48515625 0.31015625 0.00625 0.0125
18 0.465625 0.29609375 0.008984375 0.0140625
18 0.4359375 0.28046875 0.0109375 0.01015625
18 0.38671875 0.2828125 0.0109375 0.015625
18 0.43671875 0.3109375 0.009375 0.006640625
18 0.4453125 0.30625 0.009375 0.00703125
18 0.45234375 0.30859375 0.0078125 0.010546875
18 0.5265625 0.334375 0.0078125 0.0078125
18 0.48125 0.3609375 0.00625 0.015625
18 0.44375 0.365625 0.01171875 0.00859375
18 0.4296875 0.33671875 0.0125 0.00625
18 0.425 0.33125 0.009765625 0.0125
18 0.41875 0.33046875 0.00625 0.00546875
18 0.4109375 0.334375 0.01015625 0.012109375
18 0.41015625 0.34296875 0.0078125 0.0140625
18 0.4 0.35 0.015625 0.01328125
18 0.34140625 0.46015625 0.01171875 0.01015625
18 0.38828125 0.48984375 0.011328125 0.0234375
18 0.409375 0.4453125 0.009375 0.02265625
18 0.39453125 0.43515625 0.0140625 0.01640625
18 0.39765625 0.41484375 0.01640625 0.01875
18 0.4078125 0.57109375 0.01484375 0.017578125
18 0.44140625 0.63046875 0.0171875 0.02109375
18 0.48515625 0.63671875 0.0140625 0.0140625
18 0.5453125 0.6015625 0.021484375 0.021875
18 0.42890625 0.759375 0.011328125 0.025390625
18 0.43125 0.95 0.015625 0.03125
18 0.48203125 0.97421875 0.026171875 0.033203125
18 0.6625 0.925 0.01875 0.031640625
18 0.7484375 0.95625 0.016015625 0.02578125
18 0.65 0.71796875 0.01640625 0.01171875
18 0.65546875 0.73046875 0.008203125 0.017578125
18 0.65859375 0.73671875 0.0078125 0.01875
18 0.6671875 0.7296875 0.012890625 0.009765625
18 0.6734375 0.7359375 0.008984375 0.024609375
18 0.7765625 0.58125 0.0125 0.034765625