9 0.53203125 0.6671875 0.04453125 0.04921875
9 0.5875 0.62109375 0.04140625 0.04921875
9 0.4578125 0.62578125 0.034375 0.0453125
9 0.29609375 0.55078125 0.0515625 0.06640625
9 0.13515625 0.65078125 0.051171875 0.0671875
9 0.19609375 0.41796875 0.1 0.13203125
9 0.259375 0.446875 0.037109375 0.04296875
9 0.3703125 0.45859375 0.044140625 0.0671875
9 0.54453125 0.11796875 0.0421875 0.07265625
9 0.6390625 0.2015625 0.05234375 0.109375
9 0.834375 0.13984375 0.068359375 0.098828125
8 0.30234375 0.015625 0.03984375 0.03125
8 0.20390625 0.08515625 0.03984375 0.03203125
8 0.17265625 0.1421875 0.023046875 0.030859375
8 0.06015625 0.128125 0.021875 0.053125
8 0.17421875 0.084375 0.025 0.018359375