8 0.13203125 0.9375 0.0203125 0.01484375
8 0.1921875 0.99453125 0.028125 0.0109375
8 0.47890625 0.821875 0.009375 0.01953125
8 0.4828125 0.83515625 0.01171875 0.01640625
8 0.47421875 0.85 0.01484375 0.0140625
8 0.4703125 0.865625 0.01171875 0.02421875
8 0.465625 0.88203125 0.0171875 0.01875
8 0.71328125 0.8640625 0.0078125 0.0265625
8 0.25078125 0.71015625 0.0109375 0.021875
8 0.4734375 0.628125 0.01328125 0.01796875
8 0.3125 0.57265625 0.0125 0.0203125
8 0.34609375 0.57265625 0.0046875 0.01484375
8 0.36953125 0.53828125 0.01015625 0.0171875
8 0.45078125 0.4109375 0.01171875 0.01875
8 0.4640625 0.38046875 0.0140625 0.0109375
8 0.46640625 0.3671875 0.009375 0.0140625
8 0.4609375 0.34609375 0.0109375 0.0125
8 0.4609375 0.32578125 0.00546875 0.01328125
8 0.490625 0.33984375 0.01328125 0.0078125
8 0.503125 0.3328125 0.01015625 0.009375
8 0.515625 0.2875 0.01640625 0.009375
10 0.5625 0.18828125 0.0171875 0.0140625
8 0.5609375 0.25390625 0.00859375 0.015625
8 0.54296875 0.2953125 0.0078125 0.01640625
8 0.54921875 0.31015625 0.01015625 0.00859375
8 0.56171875 0.284375 0.0109375 0.00546875
8 0.56796875 0.290625 0.0109375 0.0109375
8 0.56953125 0.2984375 0.00546875 0.0109375
8 0.57109375 0.2546875 0.00546875 0.0109375
8 0.5765625 0.2609375 0.00546875 0.01171875
8 0.58515625 0.2765625 0.0109375 0.0078125
8 0.5859375 0.284375 0.009375 0.00625
8 0.6296875 0.3 0.00859375 0.00625
8 0.63828125 0.284375 0.0046875 0.01015625
8 0.64296875 0.27734375 0.0078125 0.00625
8 0.6453125 0.2640625 0.00859375 0.00859375
8 0.60390625 0.2625 0.00859375 0.00625
8 0.61015625 0.25390625 0.0046875 0.01171875
8 0.6171875 0.24765625 0.00546875 0.01171875
8 0.6140625 0.2359375 0.01484375 0.0078125
8 0.62109375 0.240625 0.00546875 0.009375
8 0.61953125 0.228125 0.01171875 0.00625
8 0.6171875 0.215625 0.01015625 0.00546875
8 0.6171875 0.2078125 0.009375 0.009375
8 0.6203125 0.2109375 0.0078125 0.00703125
8 0.58515625 0.20859375 0.0125 0.01171875
8 0.59140625 0.19296875 0.00390625 0.01015625
8 0.65078125 0.18671875 0.01015625 0.01328125
10 0.6734375 0.209375 0.00625 0.009375
8 0.67109375 0.1640625 0.0125 0.00859375
8 0.725 0.190625 0.009375 0.0078125
8 0.6921875 0.128125 0.0046875 0.00859375
10 0.70703125 0.13125 0.00625 0.01015625
10 0.678125 0.1234375 0.00625 0.00546875
8 0.67265625 0.1296875 0.01015625 0.00703125
8 0.64453125 0.13125 0.009375 0.00546875
10 0.72109375 0.09921875 0.00703125 0.00703125
8 0.72890625 0.1 0.009375 0.00703125
8 0.7296875 0.07890625 0.00546875 0.01171875
8 0.73359375 0.08125 0.003125 0.00703125
8 0.83515625 0.04140625 0.003125 0.0078125
8 0.8890625 0.021875 0.00546875 0.00546875
8 0.83359375 0.0046875 0.00390625 0.00625
8 0.8140625 0.0046875 0.0078125 0.00703125
8 0.2484375 0.70625 0.01171875 0.02109375
8 0.31015625 0.56953125 0.0109375 0.0171875
8 0.46796875 0.375 0.009375 0.0078125
8 0.503125 0.3296875 0.01640625 0.0109375
8 0.64296875 0.25703125 0.00703125 0.00859375
8 0.665625 0.16171875 0.00703125 0.009375
8 0.67578125 0.128125 0.009375 0.0078125