18 0.77265625 0.02265625 0.075 0.0453125
18 0.8578125 0.0109375 0.021484375 0.019140625
18 0.59921875 0.115625 0.09375 0.108984375
18 0.5578125 0.196875 0.0421875 0.03671875
18 0.62890625 0.16875 0.042578125 0.05546875
18 0.70546875 0.16796875 0.029296875 0.0234375
18 0.6640625 0.2578125 0.02890625 0.02734375
18 0.60625 0.26875 0.04921875 0.07578125
18 0.621875 0.2890625 0.028125 0.065625
18 0.715625 0.27578125 0.015234375 0.030078125
18 0.7265625 0.38125 0.025 0.049609375
18 0.7734375 0.43125 0.02890625 0.03984375
18 0.6515625 0.65 0.028515625 0.04375
18 0.49296875 0.5328125 0.028125 0.058984375
18 0.5546875 0.4109375 0.056640625 0.093359375
18 0.459375 0.66484375 0.04453125 0.090625
18 0.59765625 0.72265625 0.033203125 0.085546875
18 0.53203125 0.81796875 0.08125 0.109375
18 0.54765625 0.84609375 0.0640625 0.08125