8 0.7609375 0.79296875 0.059765625 0.048828125
8 0.64296875 0.45390625 0.029296875 0.041796875
8 0.62421875 0.4125 0.020703125 0.040625
8 0.61015625 0.42265625 0.040625 0.051171875
8 0.59453125 0.38671875 0.020703125 0.032421875
8 0.65078125 0.34453125 0.026171875 0.034375
8 0.53671875 0.22890625 0.034375 0.025
8 0.55078125 0.1953125 0.011328125 0.022265625
8 0.67109375 0.13125 0.009375 0.0203125
8 0.72734375 0.0609375 0.025 0.01640625
8 0.7875 0.09921875 0.016015625 0.011328125
8 0.678125 0.1328125 0.009375 0.022265625