8 0.74140625 0.7640625 0.0078125 0.025390625
8 0.509375 0.784375 0.012109375 0.016015625
8 0.51640625 0.7734375 0.0078125 0.01796875
8 0.5109375 0.75546875 0.012890625 0.016796875
8 0.50703125 0.73984375 0.0109375 0.023046875
8 0.5015625 0.7234375 0.016015625 0.015234375
8 0.52421875 0.5 0.0078125 0.027734375
8 0.4453125 0.5921875 0.012109375 0.024609375
8 0.49375 0.9890625 0.015234375 0.02109375
8 0.2609375 0.8671875 0.01640625 0.0140625
8 0.18828125 0.64375 0.01875 0.0125
8 0.234375 0.54609375 0.025390625 0.016796875
8 0.23828125 0.1703125 0.0125 0.046484375
8 0.26640625 0.4453125 0.023828125 0.01484375
8 0.24375 0.45078125 0.021875 0.0171875
8 0.2234375 0.45 0.021875 0.012109375
8 0.196875 0.43828125 0.021875 0.023828125
8 0.1609375 0.4015625 0.02734375 0.03671875
8 0.26171875 0.8734375 0.01640625 0.0125