8 0.63203125 0.871875 0.0125 0.028125
8 0.3328125 0.6015625 0.030859375 0.01640625
9 0.41640625 0.003125 0.013671875 0.00625
8 0.50234375 0.034375 0.0359375 0.040625
8 0.4984375 0.22890625 0.03359375 0.044921875
8 0.54453125 0.23671875 0.039453125 0.030078125
8 0.37421875 0.34140625 0.034375 0.04375
8 0.7265625 0.2125 0.04140625 0.034375
8 0.84140625 0.2453125 0.063671875 0.046875
8 0.934375 0.07109375 0.058984375 0.06875
8 0.86796875 0.57734375 0.0265625 0.033203125
8 0.684375 0.5765625 0.034375 0.025
8 0.72421875 0.69921875 0.020703125 0.029296875
8 0.7546875 0.746875 0.01484375 0.03203125
8 0.74609375 0.80078125 0.028125 0.036328125
8 0.73203125 0.78046875 0.016796875 0.0328125
8 0.73671875 0.22265625 0.042578125 0.036328125
8 0.94921875 0.07734375 0.048046875 0.058203125