8 0.584375 0.0171875 0.00546875 0.01484375
8 0.59921875 0.0015625 0.0125 0.003125
8 0.48046875 0.0078125 0.00546875 0.01484375
8 0.50390625 0.03671875 0.0109375 0.015625
8 0.53515625 0.05078125 0.01640625 0.01484375
8 0.49921875 0.0609375 0.0140625 0.0109375
8 0.50859375 0.0953125 0.0109375 0.01640625
8 0.49453125 0.109375 0.01484375 0.0140625
8 0.4875 0.12265625 0.0078125 0.0234375
8 0.503125 0.3359375 0.01328125 0.0203125
8 0.4140625 0.2578125 0.01484375 0.0125
8 0.390625 0.290625 0.0125 0.009375
8 0.3484375 0.296875 0.0171875 0.01328125
8 0.74375 0.54609375 0.0078125 0.02734375
8 0.5171875 0.521875 0.01328125 0.01796875
8 0.52421875 0.53359375 0.00859375 0.01953125
8 0.51875 0.55 0.0140625 0.01640625
8 0.51484375 0.565625 0.01171875 0.021875
8 0.509375 0.58046875 0.01640625 0.01484375
8 0.28203125 0.44296875 0.01484375 0.0171875
8 0.53203125 0.8046875 0.009375 0.0296875
8 0.453125 0.71171875 0.01171875 0.0265625
8 0.240625 0.74765625 0.0265625 0.02265625
8 0.19609375 0.6578125 0.01953125 0.01640625
8 0.265625 0.86640625 0.02578125 0.01640625
8 0.24375 0.85859375 0.02109375 0.02265625
8 0.221875 0.86015625 0.0234375 0.0171875
8 0.19375 0.87109375 0.025 0.025
8 0.1515625 0.9125 0.0296875 0.04375
11 0.58828125 0.00234375 0.00703125 0.00390625
8 0.53203125 0.04765625 0.0109375 0.0109375
8 0.496875 0.10234375 0.009375 0.0109375
8 0.35 0.29140625 0.01484375 0.0078125
8 0.2828125 0.4375 0.015625 0.015625