18 0.0984375 0.72265625 0.04609375 0.086328125
18 0.0265625 0.60625 0.053125 0.14765625
18 0.0296875 0.309375 0.04375 0.05546875
18 0.121875 0.5 0.027734375 0.074609375
18 0.16328125 0.6078125 0.048828125 0.090625
18 0.253125 0.5734375 0.062890625 0.083984375
18 0.3078125 0.3484375 0.052734375 0.06640625
18 0.2953125 0.2328125 0.015625 0.04140625
18 0.45 0.34375 0.06796875 0.090625
18 0.475 0.25546875 0.059375 0.085546875
18 0.61484375 0.3609375 0.076171875 0.07734375
18 0.87421875 0.3703125 0.1109375 0.14375