8 0.25859375 0.2359375 0.0078125 0.02578125
8 0.490625 0.215625 0.01171875 0.01640625
8 0.48359375 0.2265625 0.0078125 0.018359375
8 0.4890625 0.24453125 0.01328125 0.01640625
8 0.49296875 0.26015625 0.0109375 0.023046875
8 0.4984375 0.2765625 0.016015625 0.015234375
8 0.47578125 0.5 0.0078125 0.027734375
8 0.5546875 0.4078125 0.012109375 0.024609375
8 0.50625 0.0109375 0.015234375 0.02109375
8 0.7390625 0.1328125 0.016015625 0.01484375
8 0.81171875 0.35625 0.01875 0.0125
8 0.765625 0.45390625 0.025390625 0.016796875
8 0.76171875 0.8296875 0.0125 0.046484375
8 0.73359375 0.5546875 0.023828125 0.01484375
8 0.75625 0.54921875 0.021875 0.0171875
8 0.7765625 0.55 0.021875 0.012109375
8 0.803125 0.56171875 0.021875 0.023828125
8 0.8390625 0.5984375 0.027734375 0.037109375
8 0.73828125 0.1265625 0.016796875 0.0125