9 0.43203125 0.13828125 0.03125 0.025
9 0.63046875 0.25703125 0.044921875 0.060546875
9 0.6921875 0.259375 0.025 0.034375
9 0.81328125 0.21015625 0.03125 0.028125
8 0.82734375 0.26328125 0.011328125 0.026953125
9 0.8265625 0.32734375 0.025 0.0203125
8 0.8046875 0.353125 0.015625 0.01171875
8 0.79921875 0.371875 0.007421875 0.025
8 0.85078125 0.45 0.026171875 0.01796875
8 0.9015625 0.51640625 0.01484375 0.0328125
9 0.73046875 0.7796875 0.015625 0.02734375
8 0.66796875 0.746875 0.025 0.0171875
8 0.7359375 0.91796875 0.019140625 0.0328125
8 0.790625 0.99765625 0.02890625 0.0046875
9 0.48515625 0.78203125 0.0453125 0.055078125
9 0.4484375 0.75546875 0.021875 0.054296875
9 0.465625 0.7078125 0.04375 0.075
9 0.41484375 0.9359375 0.0296875 0.05625
9 0.35234375 0.90859375 0.0625 0.073046875
9 0.2265625 0.81328125 0.062890625 0.082421875
9 0.32734375 0.484375 0.0328125 0.058984375
9 0.4984375 0.43984375 0.041015625 0.060546875
9 0.41328125 0.525 0.026953125 0.037109375
9 0.38125 0.6140625 0.04453125 0.069140625
9 0.35078125 0.62421875 0.041796875 0.058203125
9 0.37265625 0.6640625 0.054296875 0.075
9 0.50703125 0.58984375 0.0453125 0.0765625
9 0.515625 0.634375 0.0359375 0.02734375
9 0.590625 0.50625 0.03125 0.04453125
9 0.603125 0.52421875 0.025 0.0265625
9 0.64453125 0.534375 0.082421875 0.118359375
8 0.8359375 0.34296875 0.0203125 0.0171875
10 0.7234375 0.6609375 0.02265625 0.01640625