8 0.86796875 0.9375 0.0203125 0.015234375
8 0.8078125 0.99453125 0.028125 0.0109375
8 0.52109375 0.821875 0.009375 0.019140625
8 0.5171875 0.83515625 0.01171875 0.01640625
8 0.52578125 0.85 0.014453125 0.01328125
8 0.5296875 0.865625 0.012109375 0.024609375
8 0.534375 0.88203125 0.01796875 0.01875
8 0.28671875 0.8640625 0.0078125 0.02734375
8 0.74921875 0.71015625 0.0109375 0.021875
8 0.5265625 0.628125 0.01328125 0.01796875
8 0.6875 0.57265625 0.0125 0.0203125
8 0.65390625 0.57265625 0.0046875 0.014453125
8 0.63046875 0.53828125 0.010546875 0.0171875
8 0.54921875 0.4109375 0.01171875 0.01875
8 0.5359375 0.38046875 0.01484375 0.0109375
8 0.53359375 0.3671875 0.009375 0.01484375
8 0.5390625 0.34609375 0.01015625 0.0125
8 0.5390625 0.32578125 0.005859375 0.013671875
8 0.509375 0.33984375 0.012890625 0.0078125
8 0.496875 0.3328125 0.01015625 0.009375
8 0.484375 0.2875 0.016015625 0.009375
10 0.4375 0.18828125 0.01796875 0.0140625
8 0.4390625 0.25390625 0.008984375 0.015625
8 0.45703125 0.2953125 0.0078125 0.01640625
8 0.45078125 0.31015625 0.010546875 0.008203125
8 0.43828125 0.284375 0.0109375 0.005859375
8 0.43203125 0.290625 0.0109375 0.01171875
8 0.43046875 0.2984375 0.005078125 0.01015625
8 0.42890625 0.2546875 0.005078125 0.01015625
8 0.4234375 0.2609375 0.005859375 0.012109375
8 0.41484375 0.2765625 0.0109375 0.0078125
8 0.4140625 0.284375 0.009375 0.00625
8 0.3703125 0.3 0.008984375 0.00625
8 0.36171875 0.284375 0.0046875 0.01015625
8 0.35703125 0.27734375 0.0078125 0.00625
8 0.3546875 0.2640625 0.008984375 0.008984375
8 0.39609375 0.2625 0.008203125 0.00625
8 0.38984375 0.25390625 0.0046875 0.011328125
8 0.3828125 0.24765625 0.00546875 0.01171875
8 0.3859375 0.2359375 0.015234375 0.00859375
8 0.37890625 0.240625 0.005078125 0.009375
8 0.38046875 0.228125 0.011328125 0.00625
8 0.3828125 0.215625 0.01015625 0.00546875
8 0.3828125 0.2078125 0.009375 0.009375
8 0.3796875 0.2109375 0.00859375 0.006640625
8 0.41484375 0.20859375 0.0125 0.011328125
8 0.40859375 0.19296875 0.00390625 0.01015625
8 0.34921875 0.18671875 0.010546875 0.013671875
10 0.3265625 0.209375 0.00625 0.009375
8 0.32890625 0.1640625 0.0125 0.00859375
8 0.275 0.190625 0.009375 0.0078125
8 0.3078125 0.128125 0.00390625 0.008984375
10 0.29296875 0.13125 0.00625 0.01015625
10 0.321875 0.1234375 0.00625 0.005859375
8 0.32734375 0.1296875 0.01015625 0.00703125
8 0.35546875 0.13125 0.009375 0.005859375
10 0.27890625 0.09921875 0.007421875 0.007421875
8 0.27109375 0.1 0.009375 0.00703125
8 0.2703125 0.07890625 0.005859375 0.011328125
8 0.26640625 0.08125 0.003125 0.006640625
8 0.16484375 0.04140625 0.003125 0.0078125
8 0.1109375 0.021875 0.00546875 0.00546875
8 0.16640625 0.0046875 0.004296875 0.00625
8 0.1859375 0.0046875 0.00859375 0.006640625
8 0.7515625 0.70625 0.012109375 0.021484375
8 0.68984375 0.56953125 0.0109375 0.0171875
8 0.53203125 0.375 0.009375 0.00703125
8 0.496875 0.3296875 0.016015625 0.01015625
8 0.35703125 0.25703125 0.007421875 0.008203125
8 0.334375 0.16171875 0.006640625 0.009375
8 0.32421875 0.128125 0.009375 0.00703125