9 0.56796875 0.13828125 0.03125 0.025
9 0.36953125 0.25703125 0.04453125 0.06015625
9 0.3078125 0.259375 0.025 0.034375
9 0.18671875 0.21015625 0.03125 0.028125
8 0.17265625 0.26328125 0.01171875 0.02734375
9 0.1734375 0.32734375 0.025 0.0203125
8 0.1953125 0.353125 0.015625 0.01171875
8 0.20078125 0.371875 0.00703125 0.025
8 0.14921875 0.45 0.02578125 0.0171875
8 0.0984375 0.51640625 0.01484375 0.0328125
9 0.26953125 0.7796875 0.015625 0.02734375
8 0.33203125 0.746875 0.025 0.0171875
8 0.2640625 0.91796875 0.01953125 0.0328125
8 0.209375 0.99765625 0.02890625 0.0046875
9 0.51484375 0.78203125 0.0453125 0.05546875
9 0.5515625 0.75546875 0.021875 0.05390625
9 0.534375 0.7078125 0.04375 0.075
9 0.58515625 0.9359375 0.0296875 0.05625
9 0.64765625 0.90859375 0.0625 0.07265625
9 0.7734375 0.81328125 0.06328125 0.08203125
9 0.67265625 0.484375 0.0328125 0.05859375
9 0.5015625 0.43984375 0.04140625 0.06015625
9 0.58671875 0.525 0.02734375 0.03671875
9 0.61875 0.6140625 0.0453125 0.06953125
9 0.64921875 0.62421875 0.04140625 0.05859375
9 0.62734375 0.6640625 0.05390625 0.075
9 0.49296875 0.58984375 0.0453125 0.0765625
9 0.484375 0.634375 0.0359375 0.02734375
9 0.409375 0.50625 0.03125 0.0453125
9 0.396875 0.52421875 0.025 0.0265625
9 0.35546875 0.534375 0.08203125 0.11796875
8 0.1640625 0.34296875 0.0203125 0.0171875
10 0.2765625 0.6609375 0.02265625 0.01640625