9 0.7359375 0.021875 0.0546875 0.04375
9 0.9625 0.0625 0.06328125 0.07734375
8 0.99453125 0.09765625 0.01015625 0.03671875
9 0.98203125 0.31484375 0.03046875 0.040625
8 0.97109375 0.18984375 0.02578125 0.01796875
8 0.94453125 0.25859375 0.01171875 0.02890625
8 0.9453125 0.28671875 0.01796875 0.01171875
9 0.9 0.27578125 0.034375 0.0546875
9 0.85546875 0.3109375 0.04453125 0.04921875
9 0.88359375 0.37421875 0.06171875 0.071875
9 0.9390625 0.48671875 0.0234375 0.04609375
9 0.93984375 0.7359375 0.0390625 0.0875
9 0.996875 0.7125 0.00546875 0.0390625
9 0.8 0.50703125 0.01875 0.02578125
9 0.56171875 0.4203125 0.0375 0.065625
9 0.63125 0.6171875 0.03046875 0.03984375
9 0.78515625 0.67578125 0.034375 0.0578125
9 0.75390625 0.69453125 0.0546875 0.06953125
9 0.8140625 0.7390625 0.034375 0.0984375
9 0.81015625 0.81015625 0.06015625 0.0875