7 0.0515625 0.22109375 0.00859375 0.009375
8 0.0484375 0.2421875 0.00546875 0.0078125
7 0.05234375 0.240625 0.0078125 0.01015625
8 0.06484375 0.24375 0.00859375 0.00625
7 0.0625 0.26328125 0.01171875 0.0078125
7 0.05859375 0.29453125 0.0046875 0.01015625
8 0.18359375 0.30703125 0.009375 0.01015625
8 0.25234375 0.3015625 0.00546875 0.00859375
8 0.234375 0.378125 0.00859375 0.00859375
8 0.17578125 0.34453125 0.009375 0.00546875
9 0.1625 0.321875 0.00703125 0.00625
8 0.16171875 0.365625 0.01015625 0.00703125
8 0.31171875 0.47109375 0.01171875 0.00859375
8 0.41484375 0.51328125 0.0109375 0.00703125
7 0.3140625 0.53203125 0.0125 0.0109375
7 0.265625 0.534375 0.0109375 0.0125
8 0.25234375 0.53203125 0.0125 0.00625
8 0.246875 0.53828125 0.015625 0.009375
8 0.30390625 0.58671875 0.00859375 0.009375
8 0.2875 0.61328125 0.01328125 0.00703125
8 0.28359375 0.61875 0.01484375 0.009375
7 0.2671875 0.6171875 0.01328125 0.01171875
8 0.2703125 0.7234375 0.00625 0.01796875
7 0.32734375 0.6921875 0.01640625 0.021875
8 0.33203125 0.715625 0.01328125 0.0125
8 0.390625 0.659375 0.01796875 0.0125
7 0.42265625 0.6875 0.01171875 0.0125
8 0.48046875 0.71328125 0.01953125 0.0125
8 0.42734375 0.76328125 0.0125 0.0140625
8 0.4171875 0.75859375 0.009375 0.01875
8 0.41171875 0.7625 0.01015625 0.0265625
8 0.3671875 0.78359375 0.0140625 0.009375
8 0.375 0.8859375 0.02265625 0.01640625
7 0.328125 0.9359375 0.0265625 0.03203125
8 0.46796875 0.88671875 0.015625 0.009375
8 0.48828125 0.85390625 0.01484375 0.0109375
8 0.50234375 0.85546875 0.01171875 0.0125
8 0.48359375 0.7921875 0.01328125 0.01328125
8 0.45703125 0.78515625 0.01171875 0.0109375
8 0.44140625 0.7859375 0.009375 0.02109375
8 0.44453125 0.8109375 0.0140625 0.0140625
8 0.49453125 0.7734375 0.01328125 0.01015625
8 0.51328125 0.75546875 0.0140625 0.009375
8 0.5265625 0.75859375 0.0125 0.0140625
8 0.54140625 0.77578125 0.00625 0.0140625
8 0.5484375 0.79296875 0.0109375 0.0125
8 0.51328125 0.81484375 0.01484375 0.0109375
8 0.484375 0.8859375 0.00859375 0.015625
8 0.4984375 0.89765625 0.01640625 0.015625
8 0.503125 0.93515625 0.00625 0.02421875
8 0.47421875 0.96953125 0.02265625 0.01953125
7 0.5078125 0.99609375 0.0125 0.0078125
8 0.5453125 0.95546875 0.0078125 0.025
8 0.57265625 0.95625 0.01484375 0.01328125
8 0.5984375 0.79765625 0.01171875 0.0109375
8 0.43828125 0.8078125 0.01953125 0.0203125