8 0.36796875 0.128125 0.0125 0.028125
8 0.6671875 0.3984375 0.030859375 0.01640625
9 0.58359375 0.996875 0.01328125 0.00625
8 0.49765625 0.965625 0.0359375 0.040625
8 0.5015625 0.77109375 0.0328125 0.04453125
8 0.45546875 0.76328125 0.03984375 0.03046875
8 0.62578125 0.65859375 0.034375 0.04375
8 0.2734375 0.7875 0.0421875 0.034375
8 0.15859375 0.7546875 0.06328125 0.046875
8 0.065625 0.92890625 0.058984375 0.06875
8 0.13203125 0.42265625 0.0265625 0.03359375
8 0.315625 0.4234375 0.034375 0.025
8 0.27578125 0.30078125 0.020703125 0.029296875
8 0.2453125 0.253125 0.01484375 0.03203125
8 0.25390625 0.19921875 0.028125 0.036328125
8 0.26796875 0.21953125 0.016796875 0.0328125
8 0.26328125 0.77734375 0.04296875 0.03671875
8 0.05078125 0.92265625 0.04765625 0.05859375