18 0.39921875 0.5859375 0.03671875 0.0453125
18 0.3890625 0.6609375 0.03125 0.03984375
18 0.3828125 0.76953125 0.03671875 0.05078125
18 0.3359375 0.79921875 0.01796875 0.02734375
18 0.27421875 0.8859375 0.02265625 0.0125
18 0.29453125 0.8625 0.0140625 0.00859375
18 0.284375 0.8734375 0.0140625 0.01640625
18 0.27890625 0.7625 0.0328125 0.0203125
18 0.36171875 0.7015625 0.01640625 0.0140625
18 0.3390625 0.72109375 0.0109375 0.0140625
18 0.43125 0.5234375 0.01640625 0.0140625
18 0.325 0.7546875 0.01484375 0.01796875
18 0.33203125 0.77421875 0.02109375 0.0140625
18 0.29453125 0.8171875 0.01484375 0.01484375
18 0.2703125 0.8140625 0.00625 0.0109375
18 0.29765625 0.73046875 0.00703125 0.0109375
18 0.3078125 0.74140625 0.01171875 0.0140625
18 0.359375 0.64140625 0.0109375 0.0109375
18 0.3859375 0.61640625 0.01015625 0.0140625