9 0.66015625 0.2171875 0.0953125 0.10078125
9 0.5578125 0.38984375 0.052734375 0.0765625
9 0.4015625 0.62734375 0.028515625 0.039453125
9 0.35703125 0.8484375 0.0453125 0.080859375
9 0.57421875 0.60625 0.016796875 0.024609375
9 0.5875 0.78359375 0.030859375 0.064453125
9 0.64765625 0.6515625 0.039453125 0.096875
9 0.70859375 0.509375 0.041796875 0.06171875
9 0.6796875 0.48359375 0.050390625 0.069921875
9 0.79140625 0.6578125 0.0359375 0.043359375
9 0.88671875 0.7390625 0.046875 0.05234375
8 0.9078125 0.85 0.018359375 0.053515625