18 0.80390625 0.87890625 0.08515625 0.10703125
18 0.77734375 0.8046875 0.034375 0.0546875
18 0.5875 0.884375 0.03984375 0.03828125
18 0.66875 0.5171875 0.01953125 0.034375
18 0.61484375 0.43828125 0.02578125 0.034375
18 0.690625 0.37578125 0.02890625 0.07109375
18 0.7453125 0.5125 0.03125 0.065625
18 0.8234375 0.4109375 0.028125 0.065625
18 0.81171875 0.4875 0.02734375 0.0640625
18 0.82578125 0.47421875 0.02890625 0.0765625
18 0.82265625 0.53359375 0.025 0.01484375
18 0.77890625 0.503125 0.015625 0.02734375
18 0.79140625 0.59453125 0.03828125 0.034375
18 0.8453125 0.6640625 0.0171875 0.0453125
18 0.83359375 0.7875 0.03984375 0.05078125
18 0.79140625 0.6984375 0.0453125 0.04765625
18 0.8234375 0.57421875 0.0390625 0.046875
18 0.84140625 0.55546875 0.01796875 0.0328125
18 0.8265625 0.60078125 0.0140625 0.02578125
18 0.7125 0.35390625 0.01640625 0.028125
18 0.7421875 0.30390625 0.0125 0.021875
18 0.76328125 0.2984375 0.0125 0.01796875
18 0.690625 0.31171875 0.0234375 0.03125
18 0.69296875 0.284375 0.00703125 0.0125
18 0.7125 0.25234375 0.02890625 0.04375
18 0.70234375 0.06875 0.01640625 0.0328125
18 0.71953125 0.07578125 0.01171875 0.01796875
18 0.73125 0.09609375 0.01640625 0.01953125
18 0.7453125 0.1 0.0125 0.025
18 0.73359375 0.10390625 0.009375 0.01640625
18 0.74375 0.040625 0.01484375 0.02578125
18 0.72265625 0.03125 0.0203125 0.02734375
18 0.6984375 0.009375 0.02578125 0.01640625
18 0.646875 0.00703125 0.0234375 0.0140625
18 0.71171875 0.33203125 0.0125 0.009375
18 0.73984375 0.33359375 0.00625 0.01015625
18 0.76171875 0.09765625 0.009375 0.0078125
18 0.78828125 0.103125 0.00703125 0.00703125
18 0.71015625 0.0484375 0.00703125 0.0078125