18 0.22734375 0.97734375 0.075 0.0453125
18 0.1421875 0.9890625 0.021484375 0.019140625
18 0.40078125 0.884375 0.09375 0.108984375
18 0.4421875 0.803125 0.04140625 0.037109375
18 0.37109375 0.83125 0.042578125 0.05546875
18 0.29453125 0.83203125 0.029296875 0.0234375
18 0.3359375 0.7421875 0.028515625 0.027734375
18 0.39375 0.73125 0.04921875 0.07578125
18 0.378125 0.7109375 0.028125 0.065625
18 0.284375 0.72421875 0.015234375 0.030078125
18 0.2734375 0.61875 0.025 0.049609375
18 0.2265625 0.56875 0.028515625 0.040234375
18 0.3484375 0.35 0.028515625 0.04375
18 0.50703125 0.4671875 0.028125 0.058984375
18 0.4453125 0.5890625 0.056640625 0.093359375
18 0.540625 0.33515625 0.044140625 0.090625
18 0.40234375 0.27734375 0.033203125 0.085546875
18 0.46796875 0.18203125 0.08125 0.109375
18 0.45234375 0.15390625 0.0640625 0.08125