7 0.0515625 0.77890625 0.008984375 0.009375
8 0.0484375 0.7578125 0.00546875 0.0078125
7 0.05234375 0.759375 0.0078125 0.009765625
8 0.06484375 0.75625 0.00859375 0.00625
7 0.0625 0.73671875 0.012109375 0.0078125
7 0.05859375 0.70546875 0.0046875 0.01015625
8 0.18359375 0.69296875 0.009375 0.010546875
8 0.25234375 0.6984375 0.005078125 0.008984375
8 0.234375 0.621875 0.00859375 0.00859375
8 0.17578125 0.65546875 0.009375 0.00546875
9 0.1625 0.678125 0.006640625 0.00625
8 0.16171875 0.634375 0.010546875 0.006640625
8 0.31171875 0.52890625 0.01171875 0.00859375
8 0.41484375 0.48671875 0.0109375 0.00703125
7 0.3140625 0.46796875 0.0125 0.0109375
7 0.265625 0.465625 0.01171875 0.0125
8 0.25234375 0.46796875 0.0125 0.00625
8 0.246875 0.46171875 0.015625 0.009375
8 0.30390625 0.41328125 0.008203125 0.009375
8 0.2875 0.38671875 0.012890625 0.007421875
8 0.28359375 0.38125 0.014453125 0.009375
7 0.2671875 0.3828125 0.01328125 0.01171875
8 0.2703125 0.2765625 0.00625 0.01796875
7 0.32734375 0.3078125 0.01640625 0.021875
8 0.33203125 0.284375 0.013671875 0.0125
8 0.390625 0.340625 0.018359375 0.0125
7 0.42265625 0.3125 0.01171875 0.0125
8 0.48046875 0.28671875 0.01953125 0.0125
8 0.42734375 0.23671875 0.0125 0.0140625
8 0.4171875 0.24140625 0.009375 0.01875
8 0.41171875 0.2375 0.010546875 0.02578125
8 0.3671875 0.21640625 0.0140625 0.009375
8 0.375 0.1140625 0.02265625 0.01640625
7 0.328125 0.0640625 0.02578125 0.031640625
8 0.46796875 0.11328125 0.015625 0.009375
8 0.48828125 0.14609375 0.014453125 0.0109375
8 0.50234375 0.14453125 0.011328125 0.0125
8 0.48359375 0.2078125 0.013671875 0.012890625
8 0.45703125 0.21484375 0.011328125 0.0109375
8 0.44140625 0.2140625 0.009375 0.021484375
8 0.44453125 0.1890625 0.0140625 0.01484375
8 0.49453125 0.2265625 0.013671875 0.009765625
8 0.51328125 0.24453125 0.0140625 0.009375
8 0.5265625 0.24140625 0.0125 0.0140625
8 0.54140625 0.22421875 0.00625 0.0140625
8 0.5484375 0.20703125 0.01015625 0.0125
8 0.51328125 0.18515625 0.014453125 0.0109375
8 0.484375 0.1140625 0.008984375 0.015625
8 0.4984375 0.10234375 0.016015625 0.015625
8 0.503125 0.06484375 0.00625 0.023828125
8 0.47421875 0.03046875 0.02265625 0.01953125
7 0.5078125 0.00390625 0.0125 0.0078125
8 0.5453125 0.04453125 0.00859375 0.025
8 0.57265625 0.04375 0.014453125 0.012890625
8 0.5984375 0.20234375 0.012109375 0.0109375
8 0.43828125 0.1921875 0.019921875 0.02109375