18 0.60546875 0.99296875 0.0046875 0.0078125
18 0.54765625 0.96015625 0.00703125 0.00546875
18 0.4953125 0.953125 0.00859375 0.00625
18 0.5625 0.95859375 0.005859375 0.005078125
18 0.56171875 0.9453125 0.009375 0.005859375
18 0.5765625 0.94140625 0.00859375 0.0046875
18 0.54453125 0.91875 0.0046875 0.006640625
18 0.50703125 0.86484375 0.004296875 0.010546875
18 0.52734375 0.8421875 0.009375 0.009375
18 0.5734375 0.85625 0.01015625 0.0078125
18 0.56953125 0.859375 0.008203125 0.005859375
18 0.56640625 0.85390625 0.009375 0.007421875
18 0.5578125 0.82578125 0.006640625 0.007421875
18 0.58203125 0.82109375 0.0125 0.008203125
18 0.5890625 0.825 0.009765625 0.006640625
18 0.45546875 0.8359375 0.009375 0.009765625
18 0.63046875 0.7796875 0.0125 0.0109375
18 0.5875 0.78359375 0.0140625 0.0171875
18 0.5421875 0.78203125 0.01328125 0.0109375
18 0.5375 0.7609375 0.015234375 0.012890625
18 0.48984375 0.74765625 0.014453125 0.020703125
18 0.5890625 0.74765625 0.01171875 0.01171875
18 0.58984375 0.77265625 0.0140625 0.0109375
18 0.559375 0.7375 0.012109375 0.008984375
18 0.5546875 0.73515625 0.009375 0.0078125
18 0.55625 0.728125 0.00703125 0.006640625
18 0.55078125 0.7265625 0.015625 0.0078125
18 0.54765625 0.721875 0.0109375 0.009375
18 0.54296875 0.71953125 0.00625 0.009375
18 0.52265625 0.71875 0.00859375 0.01171875
18 0.52734375 0.71640625 0.0109375 0.0078125
18 0.5125 0.71171875 0.009375 0.010546875
18 0.50859375 0.70625 0.008203125 0.008984375
18 0.5109375 0.69609375 0.009375 0.007421875
18 0.51484375 0.68984375 0.00625 0.0125
18 0.534375 0.70390625 0.00859375 0.0140625
18 0.5640625 0.71953125 0.01015625 0.010546875
18 0.61328125 0.7171875 0.0109375 0.015625
18 0.56328125 0.6890625 0.009375 0.006640625
18 0.5546875 0.69375 0.009375 0.00703125
18 0.54765625 0.69140625 0.0078125 0.010546875
18 0.4734375 0.665625 0.0078125 0.0078125
18 0.51875 0.6390625 0.00625 0.015625
18 0.55625 0.634375 0.012109375 0.008984375
18 0.5703125 0.66328125 0.0125 0.00625
18 0.575 0.66875 0.01015625 0.0125
18 0.58125 0.66953125 0.00625 0.005078125
18 0.5890625 0.665625 0.01015625 0.012109375
18 0.58984375 0.65703125 0.0078125 0.0140625
18 0.6 0.65 0.015625 0.012890625
18 0.65859375 0.53984375 0.01171875 0.01015625
18 0.61171875 0.51015625 0.011328125 0.0234375
18 0.590625 0.5546875 0.009375 0.022265625
18 0.60546875 0.56484375 0.0140625 0.01640625
18 0.60234375 0.58515625 0.016796875 0.01875
18 0.5921875 0.42890625 0.0140625 0.01796875
18 0.55859375 0.36953125 0.0171875 0.020703125
18 0.51484375 0.36328125 0.0140625 0.0140625
18 0.4546875 0.3984375 0.02109375 0.021875
18 0.57109375 0.240625 0.01171875 0.02578125
18 0.56875 0.05 0.015625 0.03125
18 0.51796875 0.02578125 0.026171875 0.033203125
18 0.3375 0.075 0.01875 0.031640625
18 0.2515625 0.04375 0.01640625 0.0265625
18 0.35 0.28203125 0.01640625 0.01171875
18 0.34453125 0.26953125 0.008203125 0.017578125
18 0.34140625 0.26328125 0.0078125 0.01875
18 0.3328125 0.2703125 0.012890625 0.009765625
18 0.3265625 0.2640625 0.008984375 0.024609375
18 0.2234375 0.41875 0.0125 0.034765625