9 0.4046875 0.978125 0.0203125 0.0265625
9 0.37421875 0.95234375 0.02734375 0.046875
9 0.265625 0.9515625 0.033984375 0.037890625
8 0.57421875 0.9921875 0.0140625 0.012109375
10 0.62734375 0.99609375 0.009375 0.007421875
9 0.62421875 0.90390625 0.057421875 0.0578125
9 0.5953125 0.87109375 0.022265625 0.0265625
9 0.6125 0.8390625 0.03046875 0.046875
9 0.63671875 0.83828125 0.032421875 0.0359375
9 0.53671875 0.8734375 0.032421875 0.040625
9 0.5078125 0.76171875 0.037890625 0.0421875
9 0.41171875 0.8265625 0.036328125 0.033984375
9 0.35390625 0.759375 0.03359375 0.040625
9 0.45546875 0.76328125 0.030078125 0.0390625
9 0.43203125 0.71875 0.0421875 0.04921875
9 0.81171875 0.77734375 0.033203125 0.05625
9 0.821875 0.8953125 0.012890625 0.01015625
8 0.8140625 0.865625 0.00703125 0.01640625
8 0.88359375 0.88515625 0.0171875 0.013671875
8 0.91015625 0.903125 0.007421875 0.018359375
9 0.59375 0.8984375 0.01875 0.01640625