9 0.3390625 0.78125 0.09609375 0.1
9 0.44296875 0.60703125 0.05234375 0.078125
9 0.31484375 0.51484375 0.048046875 0.073828125
9 0.2828125 0.48828125 0.041015625 0.063671875
9 0.2078125 0.34140625 0.034375 0.0421875
9 0.109375 0.26015625 0.046484375 0.051171875
8 0.08828125 0.146875 0.017578125 0.056640625
9 0.35546875 0.31328125 0.040625 0.1
9 0.4234375 0.38515625 0.015234375 0.021875
9 0.59921875 0.36796875 0.0296875 0.04375
9 0.64140625 0.14140625 0.048046875 0.080078125
9 0.40625 0.20625 0.028515625 0.06328125