8 0.3625 0.10390625 0.009375 0.0296875
9 0.44375 0.07578125 0.02734375 0.03671875
9 0.465625 0.2078125 0.04296875 0.06640625
9 0.34765625 0.21484375 0.0421875 0.0625
9 0.390625 0.26328125 0.03203125 0.0578125
9 0.390625 0.33984375 0.0453125 0.071875
8 0.24296875 0.67890625 0.021875 0.0328125
8 0.3609375 0.93671875 0.0140625 0.03984375
9 0.3078125 0.52578125 0.0546875 0.07578125
9 0.31953125 0.5921875 0.03515625 0.05625
9 0.340625 0.88125 0.0546875 0.09140625
9 0.30703125 0.88984375 0.0375 0.09375
8 0.2453125 0.6609375 0.021875 0.04375
9 0.42421875 0.33828125 0.0515625 0.07578125