9 0.21015625 0.01640625 0.05078125 0.0328125
9 0.35703125 0.16328125 0.03125 0.046875
9 0.39296875 0.11484375 0.08984375 0.1
9 0.4390625 0.19765625 0.02265625 0.0375
9 0.38125 0.27109375 0.04609375 0.07578125
8 0.33203125 0.2515625 0.02265625 0.01484375
10 0.27734375 0.265625 0.01328125 0.0265625
8 0.2671875 0.375 0.0140625 0.0296875
8 0.2203125 0.42890625 0.02265625 0.0140625
8 0.34375 0.6484375 0.0109375 0.03515625
9 0.478125 0.5578125 0.02578125 0.0484375
9 0.4078125 0.43984375 0.04453125 0.0921875
9 0.50625 0.70703125 0.04765625 0.0765625
9 0.37578125 0.75703125 0.04296875 0.07265625
9 0.41640625 0.83359375 0.0453125 0.07109375
9 0.4578125 0.875 0.05859375 0.090625
9 0.42109375 0.89609375 0.0546875 0.0765625
8 0.13671875 0.00390625 0.0109375 0.0078125
10 0.28984375 0.16484375 0.02109375 0.0171875