8 0.74140625 0.2359375 0.0078125 0.02578125
8 0.509375 0.215625 0.01171875 0.01640625
8 0.51640625 0.2265625 0.0078125 0.01796875
8 0.5109375 0.24453125 0.01328125 0.01640625
8 0.50703125 0.26015625 0.0109375 0.02265625
8 0.5015625 0.2765625 0.01640625 0.01484375
8 0.52421875 0.5 0.0078125 0.02734375
8 0.4453125 0.4078125 0.01171875 0.02421875
8 0.49375 0.0109375 0.01484375 0.0203125
8 0.2609375 0.1328125 0.01640625 0.0140625
8 0.18828125 0.35625 0.01875 0.0125
8 0.234375 0.45390625 0.02578125 0.01640625
8 0.23828125 0.8296875 0.0125 0.04609375
8 0.26640625 0.5546875 0.02421875 0.0140625
8 0.24375 0.54921875 0.021875 0.0171875
8 0.2234375 0.55 0.021875 0.01171875
8 0.196875 0.56171875 0.021875 0.02421875
8 0.1609375 0.5984375 0.02734375 0.03671875
8 0.26171875 0.1265625 0.01640625 0.0125