9 0.3390625 0.21875 0.0953125 0.1
9 0.44296875 0.39296875 0.05234375 0.078125
9 0.31484375 0.48515625 0.04765625 0.07421875
9 0.2828125 0.51171875 0.04140625 0.06328125
9 0.2078125 0.65859375 0.034375 0.0421875
9 0.109375 0.73984375 0.04609375 0.05078125
8 0.08828125 0.853125 0.01796875 0.05703125
9 0.35546875 0.68671875 0.040625 0.1
9 0.4234375 0.61484375 0.01484375 0.021875
9 0.59921875 0.63203125 0.0296875 0.04375
9 0.64140625 0.85859375 0.04765625 0.08046875
9 0.40625 0.79375 0.02890625 0.0640625