8 0.68671875 0.32265625 0.009375 0.03125
8 0.73671875 0.4515625 0.019921875 0.025
8 0.70859375 0.471875 0.01640625 0.01328125
8 0.68984375 0.4796875 0.016796875 0.012109375
8 0.675 0.48359375 0.015234375 0.011328125
8 0.65234375 0.49140625 0.0171875 0.01328125
8 0.4859375 0.50859375 0.00546875 0.01640625
8 0.33359375 0.625 0.005078125 0.015625
8 0.53828125 0.5484375 0.008203125 0.015625
8 0.68046875 0.5421875 0.01875 0.015625
8 0.71875 0.5796875 0.01171875 0.01484375
8 0.49921875 0.61328125 0.0109375 0.01015625
8 0.4953125 0.62109375 0.00703125 0.01328125
8 0.49140625 0.6421875 0.007421875 0.009765625
8 0.49921875 0.734375 0.009375 0.01171875
8 0.65390625 0.68984375 0.008203125 0.0109375
8 0.615625 0.7625 0.008984375 0.0125
8 0.58984375 0.76328125 0.004296875 0.008203125
8 0.5734375 0.78125 0.00859375 0.01171875
8 0.5171875 0.8484375 0.009375 0.012109375
8 0.51328125 0.9015625 0.004296875 0.009375
8 0.51171875 0.88515625 0.010546875 0.007421875
8 0.50390625 0.87109375 0.0078125 0.009375
8 0.50703125 0.86328125 0.0109375 0.010546875
8 0.4953125 0.88828125 0.009765625 0.0046875
8 0.484375 0.890625 0.009375 0.01171875
8 0.48671875 0.88828125 0.00625 0.0078125
8 0.4703125 0.9171875 0.0125 0.00859375
8 0.453125 0.91640625 0.00625 0.0109375
8 0.44765625 0.90546875 0.008203125 0.0046875
8 0.434375 0.91171875 0.006640625 0.00625
8 0.3875 0.915625 0.006640625 0.003515625
8 0.38046875 0.925 0.004296875 0.00703125
8 0.378125 0.92890625 0.00625 0.0046875
8 0.375 0.9359375 0.00703125 0.005859375
8 0.37578125 0.94140625 0.00546875 0.00546875
8 0.31015625 0.98046875 0.0078125 0.005078125
9 0.34921875 0.96953125 0.0046875 0.00625
8 0.365625 0.98359375 0.00625 0.011328125
8 0.39296875 0.9703125 0.009375 0.00625
8 0.3890625 0.96875 0.00390625 0.006640625
8 0.39375 0.96328125 0.008984375 0.007421875
8 0.3921875 0.95703125 0.0078125 0.0046875
8 0.396875 0.95234375 0.012109375 0.0078125
8 0.39375 0.9484375 0.00625 0.005859375
8 0.3984375 0.9453125 0.003125 0.009375
8 0.4046875 0.94140625 0.00859375 0.005078125
8 0.40234375 0.93671875 0.005078125 0.0046875
8 0.4234375 0.9234375 0.008984375 0.005859375
8 0.42109375 0.91875 0.00703125 0.0046875
8 0.4296875 0.9421875 0.003125 0.00859375
8 0.4265625 0.93828125 0.00859375 0.007421875
8 0.4359375 0.940625 0.009375 0.009765625
8 0.415625 0.96875 0.0078125 0.009375
8 0.40859375 0.98046875 0.00390625 0.0078125
8 0.43515625 0.98359375 0.01328125 0.0109375
8 0.35 0.99765625 0.012109375 0.0046875
8 0.6546875 0.6921875 0.009375 0.01015625
8 0.43671875 0.915625 0.00859375 0.0078125
8 0.4375 0.9203125 0.008984375 0.00390625
8 0.49375 0.62890625 0.009765625 0.008203125
8 0.48828125 0.63671875 0.0078125 0.008203125
8 0.61796875 0.76328125 0.007421875 0.010546875