9 0.60234375 0.046875 0.053125 0.065625
9 0.56640625 0.08828125 0.023046875 0.064453125
9 0.3859375 0.1296875 0.03515625 0.055859375
9 0.72109375 0.00625 0.01875 0.0125
9 0.8015625 0.03984375 0.034765625 0.035546875
8 0.83203125 0.234375 0.013671875 0.03203125
8 0.78984375 0.25234375 0.016796875 0.0109375
8 0.7921875 0.2796875 0.0125 0.02890625
9 0.7125 0.2640625 0.027734375 0.049609375
8 0.84765625 0.353125 0.026171875 0.025390625
8 0.89921875 0.4421875 0.015625 0.040234375
9 0.79296875 0.4671875 0.065625 0.0921875
9 0.61875 0.5890625 0.099609375 0.11875
9 0.5734375 0.68203125 0.02734375 0.0453125
9 0.64453125 0.6671875 0.033203125 0.04765625
8 0.6890625 0.76796875 0.024609375 0.0171875
9 0.74921875 0.78359375 0.015625 0.03046875
8 0.76171875 0.925 0.015625 0.0375
8 0.81328125 0.99140625 0.028125 0.0171875
9 0.56640625 0.9578125 0.063671875 0.084375
9 0.621875 0.790625 0.03671875 0.074609375
9 0.64375 0.80859375 0.022265625 0.057421875
8 0.81640625 0.1140625 0.013671875 0.0375
9 0.81328125 0.228125 0.026953125 0.0375