7 0.3953125 0.01171875 0.00390625 0.00703125
8 0.38671875 0.0234375 0.003125 0.0046875
7 0.38984375 0.02421875 0.00625 0.0046875
8 0.3953125 0.02734375 0.0046875 0.00625
7 0.38515625 0.03671875 0.00625 0.00390625
8 0.43828125 0.09140625 0.00703125 0.0046875
8 0.4921875 0.10234375 0.00546875 0.0046875
8 0.4203125 0.1109375 0.00625 0.00546875
9 0.42109375 0.09453125 0.0046875 0.0046875
8 0.4046875 0.11640625 0.0078125 0.0046875
8 0.44140625 0.14453125 0.00390625 0.00703125
8 0.475 0.21171875 0.003125 0.009375
8 0.5359375 0.2515625 0.00703125 0.0078125
8 0.45390625 0.2421875 0.00546875 0.01015625
8 0.40390625 0.22421875 0.01015625 0.00703125
8 0.40703125 0.221875 0.00859375 0.00390625
7 0.41015625 0.2265625 0.00703125 0.00703125
8 0.41953125 0.2640625 0.003125 0.00859375
8 0.3953125 0.2703125 0.00859375 0.0078125
8 0.3921875 0.271875 0.009375 0.0078125
7 0.384375 0.2671875 0.009375 0.00546875
8 0.34140625 0.32265625 0.00625 0.009375
8 0.38828125 0.31796875 0.01171875 0.01171875
7 0.44140625 0.34765625 0.00625 0.009375
8 0.38203125 0.334375 0.00703125 0.01015625
8 0.384375 0.365625 0.01015625 0.00625
8 0.35390625 0.40703125 0.0078125 0.01640625
8 0.49609375 0.3625 0.00625 0.0171875
8 0.4171875 0.3796875 0.0109375 0.00859375
8 0.421875 0.38203125 0.0078125 0.0109375
8 0.4234375 0.39453125 0.0125 0.01484375
8 0.4265625 0.3984375 0.009375 0.01015625
8 0.434375 0.4046875 0.0046875 0.0109375
8 0.41171875 0.4046875 0.00625 0.01171875
8 0.45703125 0.40703125 0.0078125 0.009375
8 0.45703125 0.4125 0.01015625 0.0078125
8 0.47421875 0.415625 0.00859375 0.009375
8 0.478125 0.4234375 0.00546875 0.0125
7 0.3046875 0.43125 0.01640625 0.01953125
8 0.51875 0.4734375 0.00703125 0.00859375
8 0.47734375 0.4375 0.00625 0.00859375
8 0.4734375 0.446875 0.0046875 0.0109375
8 0.4484375 0.428125 0.009375 0.0109375
8 0.45390625 0.51171875 0.0078125 0.0140625
8 0.43359375 0.44453125 0.0078125 0.009375
8 0.42109375 0.4390625 0.0109375 0.00859375
8 0.41015625 0.44453125 0.0078125 0.0125
8 0.4171875 0.5171875 0.0109375 0.0109375
8 0.3953125 0.46953125 0.00859375 0.00703125
8 0.4015625 0.471875 0.00703125 0.015625
8 0.3984375 0.48359375 0.00703125 0.01328125
8 0.3828125 0.47421875 0.00625 0.0171875
8 0.3640625 0.50078125 0.015625 0.01484375
8 0.375 0.4953125 0.01328125 0.01640625
8 0.2984375 0.65625 0.01171875 0.0125
8 0.35 0.6984375 0.0140625 0.025
8 0.3734375 0.628125 0.00625 0.01875
8 0.37578125 0.63515625 0.009375 0.021875
8 0.3546875 0.61875 0.015625 0.01171875
8 0.3609375 0.59296875 0.0140625 0.01015625
8 0.3625 0.58671875 0.01484375 0.01171875
8 0.36953125 0.81953125 0.0109375 0.01875
8 0.4046875 0.90546875 0.01484375 0.025
8 0.46796875 0.9171875 0.00859375 0.0171875
8 0.54609375 0.86640625 0.01875 0.01484375
8 0.8328125 0.828125 0.0125 0.02109375
8 0.4390625 0.31953125 0.0125 0.01015625
8 0.403125 0.89921875 0.0125 0.0203125
8 0.3734375 0.05234375 0.00390625 0.00625