18 0.11875 0.10546875 0.009375 0.008203125
18 0.13203125 0.12265625 0.0125 0.007421875
18 0.11875 0.11953125 0.00546875 0.00625
18 0.115625 0.1203125 0.00546875 0.006640625
18 0.13125 0.13671875 0.01171875 0.005078125
18 0.12890625 0.1578125 0.004296875 0.0125
18 0.21796875 0.1796875 0.009375 0.00546875
18 0.23359375 0.16796875 0.0109375 0.009375
18 0.28515625 0.16640625 0.004296875 0.007421875
18 0.2296875 0.1953125 0.008984375 0.005859375
18 0.2203125 0.20859375 0.01015625 0.00625
18 0.28046875 0.21875 0.010546875 0.006640625
18 0.33046875 0.2984375 0.0125 0.009375
18 0.42421875 0.334375 0.011328125 0.009375
18 0.34296875 0.3375 0.014453125 0.008984375
18 0.309375 0.32734375 0.01171875 0.01015625
18 0.2890625 0.33046875 0.01171875 0.0109375
18 0.2953125 0.32890625 0.008984375 0.007421875
18 0.3390625 0.36875 0.00859375 0.0046875
18 0.32734375 0.38359375 0.015625 0.00625
18 0.325 0.38828125 0.01328125 0.009375
18 0.315625 0.38046875 0.01171875 0.0078125
18 0.36328125 0.4328125 0.0171875 0.01484375
18 0.36796875 0.4421875 0.0125 0.009765625
18 0.40859375 0.42890625 0.0140625 0.0140625
18 0.4390625 0.43359375 0.0125 0.0125
18 0.4296875 0.48359375 0.005859375 0.0171875
18 0.43671875 0.4875 0.0125 0.009765625
18 0.42421875 0.4859375 0.0125 0.015234375
18 0.3875 0.50390625 0.012109375 0.009375
18 0.4 0.5609375 0.021484375 0.01484375
18 0.478125 0.48046875 0.01796875 0.0125
18 0.46328125 0.496875 0.0125 0.008984375
18 0.45078125 0.5 0.00859375 0.015625
18 0.4671875 0.521875 0.0125 0.009375
18 0.453125 0.52265625 0.01796875 0.013671875
18 0.4890625 0.5 0.01171875 0.0125
18 0.4921875 0.49140625 0.01484375 0.007421875
18 0.5046875 0.478125 0.01484375 0.006640625
18 0.51484375 0.4765625 0.0125 0.01015625
18 0.528125 0.48515625 0.00703125 0.011328125
18 0.53515625 0.49609375 0.008203125 0.0109375
18 0.5640625 0.515625 0.012890625 0.015625
18 0.5109375 0.52421875 0.01484375 0.009375
18 0.50859375 0.5453125 0.009375 0.012109375
18 0.48984375 0.54609375 0.008203125 0.015625
18 0.4828125 0.5484375 0.00859375 0.0125
18 0.48984375 0.56953125 0.00625 0.021875
18 0.48046875 0.571875 0.015625 0.00703125
18 0.49921875 0.584375 0.00703125 0.01953125
18 0.52265625 0.596875 0.01328125 0.01171875
18 0.54765625 0.6265625 0.0140625 0.018359375
18 0.48359375 0.625 0.019921875 0.0125
18 0.49453125 0.64140625 0.019921875 0.0203125
18 0.515625 0.653125 0.02421875 0.01328125
18 0.5515625 0.7 0.01328125 0.0234375
18 0.55234375 0.725 0.016796875 0.009765625
18 0.57734375 0.73671875 0.0203125 0.0140625
18 0.57265625 0.7453125 0.017578125 0.008984375
18 0.5625 0.7546875 0.0125 0.021875
18 0.53203125 0.77578125 0.019921875 0.011328125
18 0.6203125 0.80546875 0.02109375 0.0234375
18 0.54375 0.91796875 0.015234375 0.0203125
18 0.85625 0.79453125 0.01875 0.01875
18 0.8375 0.9234375 0.015234375 0.02109375
18 0.7984375 0.95546875 0.021484375 0.021875
18 0.72890625 0.88203125 0.017578125 0.020703125