8 0.12890625 0.94296875 0.02109375 0.01484375
8 0.4640625 0.8859375 0.0171875 0.01875
8 0.46875 0.86875 0.0109375 0.02421875
8 0.47265625 0.853125 0.01484375 0.0140625
8 0.47734375 0.82421875 0.009375 0.01953125
8 0.48125 0.8375 0.01171875 0.01640625
8 0.24765625 0.71328125 0.01171875 0.021875
8 0.71171875 0.86640625 0.00859375 0.028125
8 0.471875 0.6296875 0.0140625 0.01875
8 0.31015625 0.57421875 0.0125 0.0203125
8 0.34453125 0.57421875 0.0046875 0.01484375
8 0.36796875 0.53984375 0.009375 0.01796875
8 0.44921875 0.41328125 0.01171875 0.01875
8 0.4671875 0.37734375 0.01015625 0.00703125
8 0.465625 0.3703125 0.0109375 0.01484375
8 0.46015625 0.3484375 0.0125 0.01015625
8 0.459375 0.32578125 0.00546875 0.01328125
10 0.4890625 0.34140625 0.0125 0.0078125
8 0.50078125 0.33203125 0.01640625 0.0078125
8 0.515625 0.290625 0.015625 0.00859375
8 0.540625 0.296875 0.00859375 0.015625
8 0.546875 0.3125 0.01015625 0.0078125
8 0.5609375 0.28671875 0.01171875 0.00546875
8 0.56484375 0.29375 0.0109375 0.0109375
8 0.56640625 0.30078125 0.00546875 0.01171875
8 0.58203125 0.2796875 0.01015625 0.0078125
8 0.584375 0.28671875 0.00859375 0.00703125
8 0.56953125 0.25546875 0.0046875 0.0109375
8 0.575 0.26171875 0.00625 0.01171875
8 0.56015625 0.25625 0.00859375 0.01484375
8 0.6203125 0.2109375 0.0078125 0.00859375
8 0.590625 0.19375 0.0046875 0.01015625
10 0.5625 0.1890625 0.01640625 0.01484375
8 0.61640625 0.2171875 0.01015625 0.00546875
8 0.61875 0.2296875 0.0109375 0.00546875
8 0.6125 0.2375 0.01484375 0.0078125
8 0.61953125 0.24296875 0.00625 0.009375
8 0.61484375 0.24921875 0.00546875 0.01171875
8 0.60703125 0.25546875 0.00625 0.0109375
8 0.603125 0.2640625 0.0078125 0.00625
8 0.64140625 0.25859375 0.00703125 0.009375
8 0.64375 0.26484375 0.00859375 0.00859375
8 0.640625 0.278125 0.0078125 0.00625
8 0.63671875 0.28515625 0.00390625 0.0109375
8 0.62890625 0.30078125 0.00859375 0.00625
8 0.7234375 0.19140625 0.01015625 0.00703125
10 0.67265625 0.21015625 0.00625 0.009375
8 0.65 0.1875 0.009375 0.0140625
8 0.6703125 0.165625 0.01171875 0.0078125
8 0.671875 0.13046875 0.009375 0.0078125
10 0.67734375 0.12421875 0.00703125 0.00703125
8 0.690625 0.128125 0.00546875 0.0078125
10 0.70703125 0.13203125 0.00625 0.01015625
8 0.64453125 0.13203125 0.009375 0.0046875
8 0.72734375 0.1 0.00859375 0.00703125
8 0.73359375 0.08125 0.003125 0.00703125
8 0.8890625 0.02265625 0.00546875 0.00625
8 0.834375 0.0421875 0.003125 0.0078125
12 0.8328125 0.00546875 0.00390625 0.00703125
8 0.8140625 0.0046875 0.0078125 0.00703125
8 0.72890625 0.07890625 0.00546875 0.01171875
9 0.7203125 0.1 0.00703125 0.00703125
8 0.67578125 0.12890625 0.00859375 0.00703125
8 0.665625 0.16328125 0.00703125 0.009375
8 0.61484375 0.20859375 0.0109375 0.00859375
8 0.584375 0.209375 0.0140625 0.009375
8 0.5 0.33671875 0.0109375 0.0078125
8 0.4640625 0.38359375 0.01484375 0.009375
8 0.2453125 0.709375 0.0125 0.02109375
8 0.3078125 0.57109375 0.0109375 0.0171875