8 0.92890625 0.96015625 0.034375 0.0453125
8 0.86328125 0.7890625 0.0359375 0.05078125
8 0.8859375 0.63046875 0.0515625 0.0359375
8 0.85 0.6046875 0.05 0.03515625
8 0.8890625 0.57734375 0.03046875 0.0453125
8 0.86953125 0.53125 0.0390625 0.05390625
8 0.83046875 0.50703125 0.03125 0.0265625
8 0.79140625 0.490625 0.03828125 0.028125
8 0.71796875 0.515625 0.0296875 0.03046875
8 0.7546875 0.60625 0.0296875 0.0375
8 0.6203125 0.51171875 0.0234375 0.02265625
10 0.69453125 0.4328125 0.02109375 0.03359375
8 0.60859375 0.428125 0.0296875 0.015625
8 0.23125 0.5578125 0.01328125 0.04140625
8 0.5390625 0.4484375 0.03203125 0.028125
8 0.57265625 0.4390625 0.02734375 0.01640625
8 0.55546875 0.40546875 0.0375 0.03125
8 0.62109375 0.25234375 0.00859375 0.02421875
8 0.40859375 0.39375 0.021875 0.015625
8 0.45625 0.48125 0.028125 0.0203125
8 0.3875 0.2734375 0.01875 0.01796875
8 0.459375 0.21953125 0.0078125 0.01953125
8 0.521875 0.23515625 0.025 0.01640625
8 0.51328125 0.1859375 0.01484375 0.0265625
8 0.29140625 0.2765625 0.0234375 0.01796875
8 0.15390625 0.1984375 0.01953125 0.01953125
8 0.35703125 0.10078125 0.0125 0.01796875
8 0.4328125 0.06015625 0.015625 0.0125
8 0.34296875 0.0453125 0.00859375 0.01796875
8 0.3484375 0.02109375 0.01171875 0.01484375
8 0.33515625 0.01171875 0.0078125 0.01875
9 0.6765625 0.0796875 0.015625 0.01875
8 0.39609375 0.26796875 0.01171875 0.021875
8 0.465625 0.2203125 0.00703125 0.02109375
8 0.52890625 0.23125 0.02109375 0.01484375
8 0.890625 0.62265625 0.0359375 0.0171875
2 0.84140625 0.5859375 0.02109375 0.0203125
8 0.87421875 0.5203125 0.02734375 0.03671875
8 0.5640625 0.4296875 0.034375 0.021875
8 0.4140625 0.37578125 0.0078125 0.02734375
8 0.40703125 0.3703125 0.0078125 0.021875