18 0.1359375 0.06640625 0.00625 0.015625
18 0.134375 0.0765625 0.0046875 0.00859375
18 0.1515625 0.05625 0.0078125 0.0109375
18 0.15703125 0.053125 0.00625 0.01015625
18 0.16171875 0.05234375 0.00625 0.00625
18 0.16953125 0.04453125 0.00625 0.0078125
18 0.1765625 0.03125 0.0046875 0.00703125
18 0.184375 0.03125 0.0046875 0.00859375
18 0.17734375 0.015625 0.015625 0.009375
18 0.18671875 0.01484375 0.01015625 0.0125
18 0.21484375 0.0046875 0.00703125 0.00859375
18 0.19453125 0.01015625 0.00625 0.00390625
18 0.19375 0.00703125 0.01796875 0.00390625
18 0.2 0.0015625 0.01484375 0.003125
18 0.140625 0.07734375 0.00546875 0.00546875