9 0.41328125 0.07421875 0.0328125 0.04453125
9 0.3609375 0.009375 0.03671875 0.01796875
9 0.35625 0.103125 0.015625 0.02109375
9 0.38984375 0.10078125 0.01015625 0.01171875
9 0.575 0.209375 0.03125 0.0265625
9 0.40859375 0.3765625 0.04921875 0.0625
9 0.34296875 0.3328125 0.0296875 0.03671875
9 0.215625 0.2609375 0.03046875 0.02578125
8 0.203125 0.31171875 0.01171875 0.028125
8 0.2109375 0.38203125 0.025 0.02265625
8 0.23046875 0.4046875 0.01484375 0.01171875
8 0.23359375 0.42421875 0.00859375 0.02578125
8 0.184375 0.49296875 0.0234375 0.021875
8 0.13984375 0.56015625 0.01328125 0.0296875
9 0.30390625 0.809375 0.01484375 0.025
10 0.3078125 0.69765625 0.0203125 0.0171875
8 0.3609375 0.7796875 0.02421875 0.0171875
8 0.3015625 0.93984375 0.01875 0.03125
9 0.4328125 0.775 0.03671875 0.03203125
9 0.49453125 0.628125 0.0390625 0.0453125
9 0.6078125 0.6984375 0.03046875 0.0296875
9 0.68671875 0.65546875 0.0328125 0.06015625
9 0.62109375 0.86015625 0.0265625 0.08359375
9 0.65234375 0.86640625 0.05 0.11953125
9 0.5375 0.94765625 0.05390625 0.0875
9 0.49921875 0.95625 0.04375 0.078125
9 0.56015625 0.99140625 0.021875 0.01640625
9 0.4828125 0.809375 0.03828125 0.08125
9 0.390625 0.57890625 0.08828125 0.10390625
9 0.42265625 0.603125 0.021875 0.03203125
9 0.43046875 0.634375 0.02890625 0.0453125