9 0.34609375 0.28828125 0.0484375 0.0625
8 0.04453125 0.18671875 0.010546875 0.017578125
8 0.01796875 0.33515625 0.019921875 0.020703125
8 0.07265625 0.325 0.0078125 0.0234375
8 0.17109375 0.33203125 0.019921875 0.0234375
7 0.12109375 0.3671875 0.0125 0.019140625
8 0.11015625 0.6984375 0.02890625 0.028125
8 0.19375 0.7328125 0.02578125 0.041015625
8 0.29453125 0.75390625 0.019921875 0.035546875
8 0.28671875 0.81875 0.021875 0.021875
8 0.3140625 0.815625 0.0375 0.03046875
8 0.39296875 0.9125 0.034375 0.04296875
9 0.640625 0.940625 0.0359375 0.0625
9 0.76171875 0.89453125 0.057421875 0.1109375
9 0.52890625 0.53828125 0.044921875 0.063671875
9 0.46796875 0.41875 0.04765625 0.05078125
9 0.421875 0.5125 0.034765625 0.047265625
9 0.36171875 0.50234375 0.09765625 0.11796875
9 0.63515625 0.38515625 0.0375 0.0484375
9 0.7140625 0.36953125 0.04921875 0.06171875
9 0.7609375 0.425 0.044140625 0.05625