17 0.559375 0.41328125 0.02421875 0.0234375
17 0.5546875 0.4515625 0.03984375 0.05703125
17 0.51328125 0.4515625 0.01484375 0.0515625
17 0.53359375 0.49765625 0.01171875 0.04140625
17 0.51484375 0.5296875 0.04609375 0.04609375
17 0.4453125 0.53515625 0.01796875 0.08515625
17 0.54375 0.55625 0.04140625 0.06484375
17 0.559375 0.57265625 0.01640625 0.04140625
17 0.51328125 0.6015625 0.04609375 0.04609375
17 0.46640625 0.61171875 0.03203125 0.08046875
17 0.4859375 0.61875 0.02578125 0.02421875
17 0.5375 0.63984375 0.03515625 0.040625
17 0.51484375 0.6640625 0.03203125 0.075
17 0.55 0.671875 0.0125 0.03203125
17 0.53125 0.78828125 0.02109375 0.05078125
17 0.59453125 0.796875 0.02734375 0.084375
17 0.61640625 0.8296875 0.0203125 0.05
17 0.65234375 0.8453125 0.02265625 0.05390625
17 0.575 0.8765625 0.025 0.08671875
17 0.61171875 0.87734375 0.04140625 0.0640625
17 0.68359375 0.88203125 0.03828125 0.06875