17 0.72578125 0.95546875 0.03125 0.02890625
17 0.621875 0.97265625 0.034375 0.0546875
17 0.66953125 0.9796875 0.0296875 0.040625
17 0.42265625 0.5140625 0.02578125 0.09453125
17 0.7109375 0.54609375 0.0203125 0.03828125
17 0.55234375 0.59765625 0.0515625 0.0359375
17 0.66953125 0.60546875 0.026171875 0.0796875
17 0.69921875 0.62890625 0.035546875 0.070703125
17 0.56875 0.67265625 0.046484375 0.041796875
17 0.503125 0.6890625 0.025390625 0.08515625
17 0.521875 0.703125 0.027734375 0.087109375
17 0.55703125 0.74921875 0.028125 0.041796875
17 0.59765625 0.75234375 0.0234375 0.084375
17 0.5421875 0.8359375 0.02265625 0.046875
17 0.68125 0.84921875 0.01875 0.088671875
17 0.59140625 0.88203125 0.01875 0.086328125
17 0.66953125 0.92578125 0.023046875 0.046875