17 0.6171875 0.9359375 0.028515625 0.081640625
17 0.675 0.946875 0.027734375 0.08125
17 0.68984375 0.4015625 0.023046875 0.034375
17 0.4234375 0.459375 0.03515625 0.094140625
17 0.6609375 0.4859375 0.021484375 0.043359375
17 0.66171875 0.528125 0.009375 0.031640625
17 0.5390625 0.54609375 0.06015625 0.045703125
17 0.6359375 0.56171875 0.022265625 0.083203125
17 0.66796875 0.58828125 0.017578125 0.080078125
17 0.67734375 0.61796875 0.0171875 0.0359375
17 0.5359375 0.625 0.022265625 0.075390625
17 0.48046875 0.6484375 0.02109375 0.084375
17 0.50234375 0.65859375 0.028125 0.08046875
17 0.58515625 0.67265625 0.020703125 0.034375
17 0.53203125 0.69296875 0.026953125 0.033203125
17 0.56796875 0.7078125 0.0265625 0.078125
17 0.525 0.80078125 0.025390625 0.0390625
17 0.66015625 0.825 0.01875 0.087109375
17 0.5828125 0.853125 0.019140625 0.083984375
17 0.71015625 0.8984375 0.0296875 0.028125
17 0.65390625 0.90390625 0.014453125 0.05625