17 0.60625 0.92734375 0.03046875 0.0734375
17 0.6640625 0.93046875 0.02578125 0.084375
17 0.6984375 0.43125 0.03046875 0.04140625
17 0.4234375 0.48046875 0.02890625 0.0890625
17 0.5390625 0.56953125 0.0484375 0.04921875
17 0.64140625 0.58046875 0.021875 0.09140625
17 0.671875 0.60078125 0.03125 0.0765625
17 0.6859375 0.6390625 0.01640625 0.04609375
17 0.5390625 0.640625 0.03046875 0.07578125
17 0.48515625 0.665625 0.0203125 0.08671875
17 0.50234375 0.6765625 0.02734375 0.08359375
17 0.59140625 0.690625 0.01328125 0.03359375
17 0.5328125 0.70703125 0.02734375 0.04296875
17 0.57109375 0.715625 0.02265625 0.08203125
17 0.52265625 0.80703125 0.02421875 0.04296875
17 0.6578125 0.81328125 0.02109375 0.0859375
17 0.57421875 0.85078125 0.0171875 0.084375
17 0.6453125 0.88359375 0.01640625 0.04609375
17 0.71015625 0.88359375 0.03203125 0.0203125