17 0.665625 0.94609375 0.022265625 0.042578125
17 0.72734375 0.98359375 0.029296875 0.025
17 0.609375 0.98515625 0.021875 0.0296875
17 0.7390625 0.49765625 0.0140625 0.04921875
17 0.4171875 0.528125 0.0234375 0.08125
17 0.71015625 0.6046875 0.011328125 0.037109375
17 0.55078125 0.62421875 0.045703125 0.038671875
17 0.6703125 0.63046875 0.027734375 0.071875
17 0.6984375 0.659375 0.0375 0.06171875
17 0.56796875 0.7015625 0.04375 0.0265625
17 0.50703125 0.7203125 0.025 0.083984375
17 0.5234375 0.73203125 0.024609375 0.0796875
17 0.615625 0.74140625 0.025390625 0.03125
17 0.55546875 0.77890625 0.0234375 0.04375
17 0.59140625 0.78359375 0.023828125 0.079296875
17 0.67734375 0.8671875 0.01640625 0.08203125
17 0.540625 0.86875 0.016015625 0.046875
17 0.58125 0.90859375 0.01796875 0.08125