17 0.4765625 0.27421875 0.019140625 0.0390625
17 0.48359375 0.33203125 0.041796875 0.028125
17 0.5140625 0.34453125 0.015625 0.038671875
17 0.48828125 0.3875 0.015625 0.030859375
17 0.4953125 0.4265625 0.046484375 0.049609375
17 0.44765625 0.43828125 0.0265625 0.04453125
17 0.55078125 0.47109375 0.01953125 0.084375
17 0.47890625 0.4828125 0.036328125 0.069140625
17 0.49765625 0.49765625 0.020703125 0.041796875
17 0.52109375 0.5046875 0.0359375 0.0703125
17 0.4671875 0.55703125 0.04140625 0.059375
17 0.49453125 0.58046875 0.0265625 0.07890625
17 0.4546875 0.59140625 0.01640625 0.042578125
17 0.42578125 0.66953125 0.051171875 0.0296875
17 0.46484375 0.68125 0.0234375 0.049609375
17 0.4046875 0.709375 0.021875 0.05
17 0.3609375 0.71796875 0.028515625 0.035546875
17 0.328125 0.7359375 0.03828125 0.065625
17 0.434375 0.7609375 0.019140625 0.08515625
17 0.38984375 0.77421875 0.033203125 0.0765625