17 0.653125 0.928125 0.02109375 0.0453125
17 0.7125 0.95 0.028125 0.02578125
17 0.61015625 0.971875 0.03359375 0.05546875
17 0.66171875 0.978125 0.03125 0.04375
17 0.71796875 0.4734375 0.01875 0.0265625
17 0.42734375 0.5109375 0.02265625 0.08515625
17 0.6953125 0.55703125 0.02421875 0.03828125
17 0.68828125 0.58515625 0.01171875 0.021875
17 0.54609375 0.60859375 0.04765625 0.034375
17 0.65390625 0.61953125 0.02265625 0.0765625
17 0.6828125 0.64453125 0.0328125 0.0703125
17 0.5546875 0.684375 0.03828125 0.0484375
17 0.7015625 0.684375 0.01640625 0.025
17 0.503125 0.7015625 0.02109375 0.08671875
17 0.51796875 0.71796875 0.02265625 0.08359375
17 0.60390625 0.72578125 0.0125 0.0265625
17 0.54609375 0.759375 0.0265625 0.040625
17 0.58203125 0.7640625 0.0234375 0.08046875
17 0.53359375 0.85078125 0.021875 0.0484375
17 0.66640625 0.85625 0.01640625 0.0859375
17 0.57890625 0.89375 0.01953125 0.08828125