17 0.56015625 0.55859375 0.021875 0.025
17 0.51328125 0.53203125 0.01875 0.046875
17 0.55390625 0.52109375 0.04375 0.055078125
17 0.44375 0.4578125 0.015625 0.0859375
17 0.509375 0.45703125 0.04921875 0.04375
17 0.534375 0.428125 0.04296875 0.065625
17 0.54921875 0.415625 0.026171875 0.024609375
17 0.50703125 0.3828125 0.048046875 0.050390625
17 0.4640625 0.371875 0.030859375 0.084375
17 0.48203125 0.36875 0.025 0.024609375
17 0.5328125 0.35546875 0.025390625 0.044921875
17 0.5125 0.33046875 0.034375 0.0734375
17 0.54140625 0.3265625 0.021875 0.02890625
17 0.52109375 0.2015625 0.019921875 0.05234375
17 0.5875 0.19296875 0.02421875 0.08984375
17 0.6078125 0.16171875 0.0171875 0.0546875
17 0.63203125 0.1609375 0.020703125 0.049609375
17 0.565625 0.11640625 0.021484375 0.090625
17 0.59765625 0.115625 0.042578125 0.065234375
17 0.66171875 0.1125 0.036328125 0.069140625