17 0.475 0.93203125 0.034375 0.07421875
17 0.52734375 0.93828125 0.034375 0.065625
17 0.57421875 0.946875 0.028125 0.025
17 0.70078125 0.446875 0.01796875 0.028125
17 0.29453125 0.4640625 0.03046875 0.08515625
17 0.74765625 0.46796875 0.02109375 0.04296875
17 0.6890625 0.50859375 0.02265625 0.03125
17 0.63203125 0.509375 0.01640625 0.078125
17 0.4609375 0.52578125 0.03984375 0.09296875
17 0.621875 0.5390625 0.01953125 0.071875
17 0.6640625 0.56953125 0.02421875 0.03359375
17 0.41484375 0.571875 0.02734375 0.10625
17 0.51796875 0.58359375 0.04296875 0.04296875
17 0.45234375 0.61171875 0.05078125 0.06328125
17 0.58984375 0.61328125 0.01953125 0.040625
17 0.5359375 0.68984375 0.03984375 0.0484375
17 0.49921875 0.696875 0.0203125 0.03984375
17 0.45703125 0.7265625 0.028125 0.09296875
17 0.57890625 0.746875 0.03984375 0.08984375
17 0.44375 0.76875 0.02421875 0.0484375
17 0.5625 0.825 0.02109375 0.04609375