17 0.353125 0.3859375 0.02421875 0.046875
17 0.58984375 0.440625 0.020703125 0.091015625
17 0.375 0.4734375 0.016015625 0.028125
17 0.36796875 0.5046875 0.015625 0.028125
17 0.48125 0.5234375 0.05078125 0.046875
17 0.39296875 0.53828125 0.020703125 0.061328125
17 0.359375 0.56796875 0.027734375 0.086328125
17 0.34296875 0.5890625 0.015625 0.028515625
17 0.48671875 0.59453125 0.026953125 0.0765625
17 0.51953125 0.63046875 0.03359375 0.08359375
17 0.54140625 0.63359375 0.01875 0.0890625
17 0.43671875 0.65078125 0.015625 0.023828125
17 0.49375 0.66796875 0.030859375 0.039453125
17 0.4546875 0.68515625 0.025390625 0.086328125
17 0.490625 0.775 0.0328125 0.0484375
17 0.3609375 0.80859375 0.0328125 0.090625
17 0.4328125 0.82890625 0.024609375 0.091796875
17 0.3109375 0.86328125 0.03125 0.0296875
17 0.365625 0.8796875 0.01796875 0.0609375
17 0.40078125 0.9015625 0.026171875 0.08984375
17 0.34453125 0.90859375 0.03046875 0.08203125