17 0.53671875 0.39921875 0.021875 0.04375
17 0.503125 0.409375 0.0125 0.05078125
17 0.52109375 0.4515625 0.01171875 0.05
17 0.5109375 0.49609375 0.040625 0.05859375
17 0.45 0.5140625 0.01796875 0.084375
17 0.53984375 0.51796875 0.03359375 0.06875
17 0.5484375 0.53828125 0.01875 0.0265625
17 0.51875 0.553125 0.04140625 0.0546875
17 0.47578125 0.57421875 0.03515625 0.0703125
17 0.49140625 0.57421875 0.02578125 0.02890625
17 0.5296875 0.61640625 0.03671875 0.0484375
17 0.50546875 0.634375 0.02265625 0.0765625
17 0.54296875 0.640625 0.025 0.02109375
17 0.52734375 0.746875 0.021875 0.0453125
17 0.57734375 0.75546875 0.03984375 0.0640625
17 0.59921875 0.78671875 0.01328125 0.05
17 0.63984375 0.80625 0.025 0.03515625
17 0.665625 0.8328125 0.0328125 0.065625
17 0.56484375 0.840625 0.01640625 0.08046875
17 0.60546875 0.8453125 0.03359375 0.0703125