17 0.3875 0.05234375 0.03671875 0.084375
17 0.3328125 0.04609375 0.033984375 0.076171875
17 0.29375 0.5734375 0.02421875 0.033984375
17 0.57734375 0.534375 0.030078125 0.084765625
17 0.4515625 0.43046875 0.052734375 0.041796875
17 0.35 0.4171875 0.018359375 0.080859375
17 0.3234375 0.396875 0.03359375 0.071875
17 0.45 0.35703125 0.037890625 0.065625
17 0.3078125 0.35546875 0.01875 0.04453125
17 0.503125 0.33671875 0.02421875 0.086328125
17 0.48515625 0.3234375 0.028125 0.084765625
17 0.39921875 0.30546875 0.014453125 0.026171875
17 0.4546875 0.2796875 0.02734375 0.0484375
17 0.41796875 0.27578125 0.02265625 0.08828125
17 0.465625 0.1828125 0.024609375 0.050390625
17 0.3375 0.171875 0.021484375 0.093359375
17 0.415625 0.140625 0.021484375 0.091015625
17 0.34921875 0.09765625 0.023828125 0.051171875
17 0.2953125 0.090625 0.028515625 0.031640625