17 0.29609375 0.16328125 0.021875 0.021875
17 0.28046875 0.21328125 0.048828125 0.039453125
17 0.2640625 0.24765625 0.01640625 0.0234375
17 0.29140625 0.26171875 0.017578125 0.019921875
17 0.28515625 0.29921875 0.05078125 0.03515625
17 0.3375 0.30703125 0.03515625 0.0453125
17 0.31640625 0.3359375 0.026953125 0.083984375
17 0.29921875 0.34375 0.014453125 0.05
17 0.2515625 0.36875 0.033984375 0.07578125
17 0.28359375 0.3734375 0.041796875 0.07109375
17 0.33671875 0.38359375 0.017578125 0.021875
17 0.31171875 0.42265625 0.02265625 0.0453125
17 0.290625 0.45859375 0.024609375 0.080078125
17 0.3265625 0.4765625 0.025 0.031640625
17 0.36171875 0.50390625 0.048046875 0.040625
17 0.32578125 0.5265625 0.015625 0.0484375
17 0.38828125 0.55625 0.0140625 0.05078125
17 0.4578125 0.58046875 0.046484375 0.044921875
17 0.421875 0.58125 0.02734375 0.03515625
17 0.35390625 0.596875 0.029296875 0.078515625
17 0.41328125 0.64453125 0.03125 0.08125