17 0.67578125 0.603125 0.019921875 0.037890625
17 0.4234375 0.54921875 0.021484375 0.084375
17 0.6515625 0.52109375 0.016015625 0.028125
17 0.65390625 0.48828125 0.011328125 0.028125
17 0.53515625 0.46328125 0.04765625 0.04375
17 0.628125 0.44453125 0.022265625 0.066796875
17 0.6609375 0.421875 0.022265625 0.078515625
17 0.671875 0.396875 0.01796875 0.02421875
17 0.53046875 0.38671875 0.016796875 0.08125
17 0.48125 0.359375 0.01875 0.083984375
17 0.49921875 0.35546875 0.03125 0.078125
17 0.58046875 0.3359375 0.019921875 0.021875
17 0.52578125 0.31796875 0.023828125 0.039453125
17 0.5625 0.30390625 0.022265625 0.0765625
17 0.52265625 0.2140625 0.025 0.04609375
17 0.65390625 0.18828125 0.023046875 0.085546875
17 0.5796875 0.1609375 0.019140625 0.084765625
17 0.6984375 0.12890625 0.02890625 0.023828125
17 0.646875 0.115625 0.015234375 0.05078125
17 0.609375 0.0859375 0.021875 0.087109375
17 0.665625 0.0859375 0.03046875 0.07890625