17 0.36875 0.771875 0.024609375 0.037109375
17 0.3546875 0.72109375 0.04609375 0.04921875
17 0.33671875 0.703125 0.023828125 0.024609375
17 0.3640625 0.67265625 0.03125 0.025
17 0.3546875 0.6375 0.04921875 0.0359375
17 0.4109375 0.628125 0.01796875 0.05390625
17 0.384375 0.5828125 0.03125 0.084375
17 0.3671875 0.578125 0.015234375 0.050390625
17 0.315625 0.57109375 0.028515625 0.083203125
17 0.346875 0.559375 0.03828125 0.07578125
17 0.38203125 0.5078125 0.036328125 0.062109375
17 0.36328125 0.478125 0.025 0.084375
17 0.396875 0.459375 0.019140625 0.03125
17 0.42734375 0.41328125 0.05 0.040625
17 0.39453125 0.40078125 0.015625 0.0546875
17 0.45703125 0.36328125 0.016796875 0.05625
17 0.49453125 0.35 0.03125 0.03125
17 0.52734375 0.34296875 0.048046875 0.054296875
17 0.4265625 0.3234375 0.02734375 0.08984375
17 0.478125 0.2890625 0.0375 0.07890625