17 0.38359375 0.9515625 0.034375 0.093359375
17 0.3375 0.96015625 0.028125 0.0796875
17 0.30546875 0.4109375 0.017578125 0.03984375
17 0.58046875 0.465625 0.0359375 0.096875
17 0.33203125 0.534375 0.02265625 0.06015625
17 0.46640625 0.5515625 0.05859375 0.06640625
17 0.35703125 0.57265625 0.023828125 0.096875
17 0.32734375 0.60078125 0.038671875 0.080078125
17 0.46171875 0.6375 0.039453125 0.08671875
17 0.3109375 0.65078125 0.01875 0.06484375
17 0.5171875 0.65703125 0.02890625 0.1015625
17 0.4953125 0.678125 0.034765625 0.087890625
17 0.465625 0.7140625 0.0265625 0.04921875
17 0.42578125 0.72265625 0.03046875 0.096875
17 0.47421875 0.8109375 0.025 0.053515625
17 0.3421875 0.8265625 0.022265625 0.11015625
17 0.415625 0.86484375 0.025390625 0.1
17 0.29453125 0.90859375 0.033203125 0.0390625
17 0.35 0.909375 0.01953125 0.069140625