17 0.265625 0.44765625 0.01953125 0.0765625
17 0.7515625 0.46171875 0.0171875 0.0390625
17 0.6359375 0.49921875 0.015625 0.0640625
17 0.68984375 0.50390625 0.01328125 0.04296875
17 0.4640625 0.521875 0.02734375 0.06640625
17 0.625 0.528125 0.0140625 0.03359375
17 0.6609375 0.55859375 0.0234375 0.02890625
17 0.41015625 0.56015625 0.01875 0.0796875
17 0.528125 0.5765625 0.03984375 0.03828125
17 0.453125 0.59375 0.03984375 0.046875
17 0.59609375 0.60546875 0.009375 0.03046875
17 0.54375 0.67265625 0.0390625 0.04375
17 0.50625 0.68203125 0.01953125 0.03984375
17 0.46171875 0.7140625 0.021875 0.07109375
17 0.58359375 0.73046875 0.0296875 0.06484375
17 0.45390625 0.746875 0.0140625 0.04453125
17 0.5671875 0.79765625 0.01328125 0.04140625
17 0.475 0.90234375 0.03046875 0.065625
17 0.528125 0.90390625 0.03203125 0.06015625
17 0.5796875 0.91328125 0.02578125 0.021875