17 0.4234375 0.240625 0.0203125 0.03828125
17 0.41015625 0.28984375 0.040625 0.0484375
17 0.3921875 0.30703125 0.025 0.021875
17 0.4171875 0.3390625 0.028125 0.021484375
17 0.41015625 0.375 0.048046875 0.043359375
17 0.465625 0.38671875 0.02109375 0.06484375
17 0.4390625 0.42890625 0.03359375 0.079296875
17 0.3671875 0.43515625 0.02734375 0.083203125
17 0.4203125 0.43671875 0.01484375 0.046875
17 0.39921875 0.453125 0.038671875 0.071875
17 0.4671875 0.45703125 0.018359375 0.0296875
17 0.43984375 0.50546875 0.0375 0.064453125
17 0.41796875 0.5359375 0.023828125 0.080859375
17 0.45703125 0.55625 0.017578125 0.02421875
17 0.490625 0.61015625 0.049609375 0.033203125
17 0.45390625 0.62265625 0.0171875 0.053125
17 0.52265625 0.659375 0.016796875 0.053515625
17 0.5625 0.67265625 0.0296875 0.03203125
17 0.596875 0.68359375 0.04296875 0.058203125
17 0.4890625 0.70625 0.02421875 0.08046875
17 0.54375 0.734375 0.03359375 0.0796875