17 0.34296875 0.0546875 0.021875 0.04765625
17 0.28359375 0.040625 0.035546875 0.02578125
17 0.3859375 0.021875 0.025 0.04375
17 0.2890625 0.53203125 0.02734375 0.03125
17 0.57578125 0.48671875 0.02734375 0.0859375
17 0.3078125 0.45078125 0.027734375 0.0390625
17 0.45078125 0.390625 0.04765625 0.034375
17 0.3421875 0.38046875 0.02265625 0.0765625
17 0.31796875 0.35625 0.033203125 0.078515625
17 0.4421875 0.30859375 0.043359375 0.057421875
17 0.30078125 0.3078125 0.015625 0.030859375
17 0.4984375 0.29609375 0.024609375 0.085546875
17 0.48203125 0.27890625 0.023828125 0.0859375
17 0.3890625 0.26640625 0.0125 0.03125
17 0.45 0.23671875 0.027734375 0.04375
17 0.41015625 0.22890625 0.023828125 0.08125
17 0.4640625 0.13984375 0.027734375 0.044921875
17 0.33359375 0.134375 0.017578125 0.08828125
17 0.41171875 0.09140625 0.01875 0.089453125