17 0.3859375 0.9625 0.0375 0.075
17 0.33125 0.96484375 0.03125 0.0703125
17 0.27734375 0.44765625 0.028125 0.032421875
17 0.5703125 0.50078125 0.024609375 0.086328125
17 0.30078125 0.525 0.029296875 0.043359375
17 0.309375 0.559375 0.018359375 0.046484375
17 0.44921875 0.58671875 0.048828125 0.042578125
17 0.3421875 0.5953125 0.018359375 0.08125
17 0.31015625 0.61875 0.036328125 0.074609375
17 0.44765625 0.66171875 0.038671875 0.0546875
17 0.290625 0.66328125 0.022265625 0.0390625
17 0.5015625 0.68671875 0.021875 0.09453125
17 0.484375 0.69921875 0.027734375 0.085546875
17 0.39453125 0.71015625 0.0140625 0.035546875
17 0.4546875 0.7359375 0.028515625 0.05234375
17 0.415625 0.74296875 0.027734375 0.083203125
17 0.46875 0.83046875 0.02265625 0.0453125
17 0.3296875 0.83828125 0.019140625 0.0890625
17 0.41640625 0.87421875 0.017578125 0.088671875
17 0.3421875 0.91015625 0.024609375 0.05
17 0.28203125 0.9234375 0.03046875 0.02578125