17 0.6140625 0.9625 0.0375 0.075
17 0.66875 0.96484375 0.03125 0.0703125
17 0.72265625 0.44765625 0.028125 0.03203125
17 0.4296875 0.50078125 0.02421875 0.08671875
17 0.69921875 0.525 0.029296875 0.043359375
17 0.690625 0.559375 0.018359375 0.046484375
17 0.55078125 0.58671875 0.048828125 0.042578125
17 0.6578125 0.5953125 0.01796875 0.08125
17 0.68984375 0.61875 0.036328125 0.074609375
17 0.55234375 0.66171875 0.03828125 0.0546875
17 0.709375 0.66328125 0.022265625 0.0390625
17 0.4984375 0.68671875 0.021875 0.094921875
17 0.515625 0.69921875 0.02734375 0.08515625
17 0.60546875 0.71015625 0.0140625 0.035546875
17 0.5453125 0.7359375 0.028515625 0.05234375
17 0.584375 0.74296875 0.027734375 0.083203125
17 0.53125 0.83046875 0.022265625 0.0453125
17 0.6703125 0.83828125 0.019140625 0.0890625
17 0.58359375 0.87421875 0.017578125 0.088671875
17 0.6578125 0.91015625 0.024609375 0.05
17 0.71796875 0.9234375 0.03046875 0.02578125