17 0.6609375 0.946875 0.0203125 0.04609375
17 0.71875 0.98671875 0.02734375 0.02578125
17 0.75234375 0.49375 0.015625 0.046875
17 0.4234375 0.540625 0.02890625 0.08046875
17 0.684375 0.62578125 0.03046875 0.06875
17 0.56328125 0.63203125 0.04453125 0.04609375
17 0.70703125 0.6515625 0.03828125 0.06171875
17 0.728125 0.696875 0.025 0.03671875
17 0.5828125 0.70859375 0.04453125 0.03515625
17 0.5234375 0.72890625 0.0203125 0.08203125
17 0.53828125 0.740625 0.0203125 0.08125
17 0.621875 0.7484375 0.01796875 0.0390625
17 0.6 0.790625 0.0203125 0.07890625
17 0.565625 0.79453125 0.021875 0.0453125
17 0.6734375 0.86796875 0.01953125 0.084375
17 0.5453125 0.884375 0.01796875 0.04609375
17 0.58125 0.91796875 0.01875 0.08046875