17 0.734375 0.55234375 0.019140625 0.0765625
17 0.2484375 0.53828125 0.0171875 0.0390625
17 0.3640625 0.50078125 0.015625 0.0640625
17 0.31015625 0.49609375 0.013671875 0.042578125
17 0.5359375 0.478125 0.027734375 0.066015625
17 0.375 0.471875 0.01328125 0.033984375
17 0.3390625 0.44140625 0.0234375 0.02890625
17 0.58984375 0.43984375 0.01875 0.0796875
17 0.471875 0.4234375 0.040234375 0.037890625
17 0.546875 0.40625 0.040234375 0.046875
17 0.40390625 0.39453125 0.009375 0.030078125
17 0.45625 0.32734375 0.03828125 0.04375
17 0.49375 0.31796875 0.019140625 0.039453125
17 0.53828125 0.2859375 0.021875 0.071484375
17 0.41640625 0.26953125 0.0296875 0.064453125
17 0.54609375 0.253125 0.0140625 0.04453125
17 0.4328125 0.20234375 0.01328125 0.04140625
17 0.525 0.09765625 0.03046875 0.065625
17 0.471875 0.09609375 0.031640625 0.060546875
17 0.4203125 0.08671875 0.02578125 0.021875