17 0.6125 0.94765625 0.03671875 0.084375
17 0.6671875 0.95390625 0.03359375 0.07578125
17 0.70625 0.4265625 0.0234375 0.03359375
17 0.42265625 0.465625 0.03046875 0.08515625
17 0.5484375 0.56953125 0.05234375 0.04140625
17 0.65 0.5828125 0.01796875 0.08046875
17 0.6765625 0.603125 0.0328125 0.071875
17 0.55 0.64296875 0.03828125 0.065625
17 0.6921875 0.64453125 0.01875 0.04453125
17 0.496875 0.66328125 0.0234375 0.08671875
17 0.51484375 0.6765625 0.028125 0.08515625
17 0.60078125 0.69453125 0.01484375 0.02578125
17 0.5453125 0.7203125 0.02734375 0.0484375
17 0.58203125 0.72421875 0.02265625 0.08828125
17 0.534375 0.8171875 0.02421875 0.05078125
17 0.6625 0.828125 0.02109375 0.09296875
17 0.584375 0.859375 0.02109375 0.09140625
17 0.65078125 0.90234375 0.02421875 0.05078125
17 0.7046875 0.909375 0.02890625 0.03203125