17 0.66640625 0.3859375 0.021875 0.04296875
17 0.4171875 0.440625 0.02109375 0.08515625
17 0.528125 0.52734375 0.04765625 0.04375
17 0.6171875 0.54140625 0.01875 0.06015625
17 0.6515625 0.56171875 0.0234375 0.08046875
17 0.5234375 0.59609375 0.02265625 0.08203125
17 0.47109375 0.625 0.01953125 0.0890625
17 0.49140625 0.6265625 0.034375 0.078125
17 0.57421875 0.65 0.01484375 0.03671875
17 0.51796875 0.6640625 0.02734375 0.040625
17 0.55859375 0.68125 0.02421875 0.08046875
17 0.51796875 0.77109375 0.02578125 0.04296875
17 0.64453125 0.80390625 0.025 0.08671875
17 0.578125 0.8265625 0.0203125 0.0859375
17 0.6890625 0.86015625 0.03046875 0.0296875
17 0.6390625 0.87421875 0.0140625 0.05390625
17 0.60625 0.9015625 0.02421875 0.0859375
17 0.6578125 0.90390625 0.02890625 0.0796875