17 0.53671875 0.6140625 0.017578125 0.040234375
17 0.53125 0.57734375 0.028125 0.03046875
17 0.49140625 0.56484375 0.0109375 0.05
17 0.5125 0.52109375 0.01328125 0.0515625
17 0.50234375 0.48125 0.040625 0.059375
17 0.4390625 0.47109375 0.01875 0.082421875
17 0.53203125 0.459375 0.03671875 0.06328125
17 0.54375 0.4421875 0.022265625 0.025
17 0.509375 0.42578125 0.04375 0.05078125
17 0.46328125 0.40859375 0.034375 0.070703125
17 0.48359375 0.40859375 0.0234375 0.023828125
17 0.525 0.36796875 0.034765625 0.0453125
17 0.5 0.34921875 0.022265625 0.079296875
17 0.53828125 0.34140625 0.023046875 0.0203125
17 0.52109375 0.23359375 0.021875 0.041796875
17 0.57890625 0.22109375 0.038671875 0.06875
17 0.60234375 0.1890625 0.0125 0.050390625
17 0.6453125 0.16796875 0.02265625 0.0390625
17 0.6734375 0.14140625 0.034765625 0.064453125
17 0.56875 0.1359375 0.018359375 0.08125
17 0.60859375 0.13359375 0.03671875 0.06875