17 0.3296875 0.578125 0.018359375 0.021875
17 0.709375 0.5765625 0.022265625 0.075
17 0.278125 0.571875 0.018359375 0.040234375
17 0.334375 0.53828125 0.009765625 0.042578125
17 0.3953125 0.5234375 0.02109375 0.06875
17 0.54140625 0.50546875 0.023828125 0.076171875
17 0.4046875 0.4890625 0.03359375 0.053125
17 0.3625 0.4734375 0.01328125 0.02265625
17 0.58515625 0.4546875 0.0171875 0.07890625
17 0.49765625 0.44453125 0.0375 0.0359375
17 0.55546875 0.42578125 0.03984375 0.0546875
17 0.434375 0.415625 0.01328125 0.01875
17 0.4828125 0.34453125 0.03125 0.057421875
17 0.515625 0.33359375 0.021484375 0.041796875
17 0.55234375 0.2890625 0.013671875 0.075390625
17 0.44375 0.2875 0.02421875 0.071484375
17 0.56328125 0.25546875 0.0109375 0.042578125
17 0.45859375 0.215625 0.015625 0.04375
17 0.53671875 0.10703125 0.029296875 0.069921875
17 0.4921875 0.10390625 0.02734375 0.0609375
17 0.43671875 0.09921875 0.026171875 0.021875