17 0.34609375 0.39140625 0.023046875 0.0453125
17 0.58671875 0.45625 0.019921875 0.083984375
17 0.48046875 0.53828125 0.048828125 0.042578125
17 0.3890625 0.54921875 0.02890625 0.0484375
17 0.35859375 0.571875 0.021875 0.078125
17 0.34296875 0.590625 0.013671875 0.019140625
17 0.484375 0.603125 0.024609375 0.075
17 0.515625 0.63359375 0.033984375 0.071875
17 0.5375 0.634375 0.01875 0.087890625
17 0.43671875 0.6609375 0.014453125 0.024609375
17 0.48984375 0.675 0.026953125 0.034765625
17 0.45234375 0.690625 0.02421875 0.078125
17 0.48671875 0.784375 0.023046875 0.041015625
17 0.3625 0.81875 0.025390625 0.084765625
17 0.42734375 0.840625 0.01796875 0.08359375
17 0.31484375 0.86796875 0.028125 0.032421875
17 0.36640625 0.8890625 0.013671875 0.05390625
17 0.39921875 0.90859375 0.026171875 0.0859375
17 0.3453125 0.91328125 0.028515625 0.082421875