17 0.60625 0.07265625 0.030859375 0.0734375
17 0.6640625 0.06953125 0.025390625 0.084375
17 0.6984375 0.56875 0.030859375 0.041015625
17 0.4234375 0.51953125 0.028515625 0.0890625
17 0.5390625 0.43046875 0.04765625 0.048828125
17 0.64140625 0.41953125 0.021875 0.091796875
17 0.671875 0.39921875 0.03125 0.0765625
17 0.6859375 0.3609375 0.016015625 0.046484375
17 0.5390625 0.359375 0.030859375 0.075390625
17 0.48515625 0.334375 0.0203125 0.08671875
17 0.50234375 0.3234375 0.02734375 0.08359375
17 0.59140625 0.309375 0.01328125 0.03359375
17 0.5328125 0.29296875 0.02734375 0.04296875
17 0.57109375 0.284375 0.02265625 0.08203125
17 0.52265625 0.19296875 0.023828125 0.042578125
17 0.6578125 0.18671875 0.021484375 0.0859375
17 0.57421875 0.14921875 0.0171875 0.084375
17 0.6453125 0.11640625 0.016015625 0.045703125
17 0.71015625 0.11640625 0.03203125 0.0203125