17 0.67265625 0.04453125 0.026953125 0.053125
17 0.75 0.48359375 0.018359375 0.046875
17 0.4265625 0.453125 0.03984375 0.096875
17 0.7203125 0.3796875 0.01640625 0.02578125
17 0.55625 0.37109375 0.044140625 0.064453125
17 0.68203125 0.3546875 0.026171875 0.075390625
17 0.70703125 0.32421875 0.045703125 0.0765625
17 0.584375 0.29296875 0.04609375 0.03125
17 0.72734375 0.2828125 0.030078125 0.046875
17 0.515625 0.28203125 0.021484375 0.094921875
17 0.5328125 0.2671875 0.022265625 0.087890625
17 0.6296875 0.2484375 0.019140625 0.05625
17 0.5671875 0.21171875 0.02890625 0.053125
17 0.6078125 0.2109375 0.02734375 0.08984375
17 0.5484375 0.12578125 0.025390625 0.053125
17 0.68671875 0.12265625 0.03359375 0.10078125
17 0.5890625 0.08828125 0.022265625 0.0890625