6 0.028125 0.2015625 0.025 0.027734375
13 0.11328125 0.39296875 0.026953125 0.029296875
12 0.209375 0.39140625 0.01796875 0.020703125
12 0.028125 0.45078125 0.018359375 0.0265625
11 0.36015625 0.3046875 0.0453125 0.034375
12 0.21640625 0.46875 0.015625 0.01796875
13 0.44609375 0.30546875 0.026953125 0.021875
12 0.44296875 0.26875 0.01640625 0.025
15 0.44296875 0.303125 0.0953125 0.172265625
13 0.69609375 0.3171875 0.016796875 0.028125
13 0.528125 0.215625 0.041015625 0.030859375
13 0.5453125 0.25546875 0.009375 0.01484375