16 0.91328125 0.24375 0.048828125 0.05546875
16 0.9015625 0.45859375 0.03828125 0.034375
16 0.90859375 0.49296875 0.044921875 0.034375
16 0.53828125 0.1984375 0.046875 0.0296875
0 0.5921875 0.1703125 0.012890625 0.02265625
16 0.4 0.33359375 0.019140625 0.070703125
16 0.42109375 0.4703125 0.0265625 0.01875
16 0.27578125 0.31015625 0.0234375 0.03125
6 0.36640625 0.078125 0.0359375 0.030859375
16 0.45859375 0.26328125 0.0390625 0.0359375
11 0.35 0.21640625 0.065625 0.04453125
11 0.1484375 0.31796875 0.025 0.0390625
16 0.2171875 0.1703125 0.019140625 0.043359375
16 0.64453125 0.4703125 0.053125 0.03203125
16 0.6859375 0.48203125 0.028515625 0.0234375
16 0.421875 0.36953125 0.016015625 0.025
16 0.2984375 0.38046875 0.02734375 0.02265625
16 0.39140625 0.434375 0.03984375 0.040625