11 0.5265625 0.72109375 0.02890625 0.066796875
13 0.59140625 0.6875 0.03671875 0.04453125
13 0.615625 0.68046875 0.01796875 0.023828125
10 0.5890625 0.584375 0.02890625 0.062109375
13 0.4921875 0.63984375 0.03984375 0.0390625
6 0.40078125 0.6796875 0.038671875 0.0375
6 0.42265625 0.61875 0.0375 0.0375
6 0.4421875 0.6734375 0.025 0.021875
6 0.38203125 0.58671875 0.04375 0.0296875
0 0.41015625 0.57109375 0.007421875 0.0109375
15 0.33671875 0.59609375 0.096875 0.0984375
15 0.41640625 0.41640625 0.0546875 0.0421875
6 0.4 0.56640625 0.01640625 0.02734375
6 0.315625 0.45703125 0.0296875 0.028125
12 0.30390625 0.50078125 0.0171875 0.01875
11 0.2875 0.4671875 0.015625 0.02734375
11 0.23828125 0.5171875 0.01953125 0.0390625
13 0.20625 0.53828125 0.024609375 0.0234375
6 0.26640625 0.503125 0.03203125 0.02890625
6 0.215625 0.55703125 0.01875 0.017578125
16 0.24453125 0.5734375 0.09296875 0.04453125
15 0.23125 0.49375 0.09296875 0.066015625
6 0.21640625 0.36015625 0.03125 0.02109375
6 0.22421875 0.3390625 0.01875 0.01875
11 0.2765625 0.3515625 0.012890625 0.02734375
11 0.2921875 0.33984375 0.01484375 0.026171875
6 0.109375 0.43984375 0.037109375 0.020703125
10 0.1203125 0.52578125 0.03984375 0.03359375
11 0.18515625 0.58515625 0.02578125 0.03125
0 0.64140625 0.78125 0.008203125 0.01328125
10 0.6453125 0.7625 0.0625 0.075
12 0.80234375 0.78984375 0.020703125 0.028125
10 0.82265625 0.80078125 0.026953125 0.041796875
6 0.48359375 0.5046875 0.023828125 0.021484375
6 0.46953125 0.50078125 0.01875 0.016796875
6 0.43671875 0.54296875 0.0265625 0.03125
13 0.534375 0.6375 0.012890625 0.01328125
6 0.428125 0.57421875 0.02421875 0.023828125
3 0.4234375 0.5953125 0.02265625 0.027734375
10 0.4546875 0.6640625 0.05625 0.059375
13 0.41484375 0.63984375 0.0171875 0.0171875
13 0.38515625 0.6109375 0.009375 0.012109375