13 0.453125 0.696875 0.0265625 0.01875
6 0.4875 0.69609375 0.0328125 0.0328125
16 0.3765625 0.53671875 0.071875 0.03125
10 0.43515625 0.5515625 0.0765625 0.0859375
6 0.44140625 0.49453125 0.046875 0.02890625
6 0.578125 0.51953125 0.046875 0.02578125
6 0.0640625 0.740625 0.07109375 0.06015625
6 0.12734375 0.85 0.06328125 0.03515625
13 0.13671875 0.91640625 0.02109375 0.03125
12 0.04296875 0.82421875 0.02734375 0.0296875
12 0.22734375 0.8015625 0.025 0.028125
10 0.23671875 0.73671875 0.059375 0.04375
12 0.31171875 0.6921875 0.02265625 0.01875
10 0.15 0.565625 0.05859375 0.03671875
6 0.16171875 0.49609375 0.0328125 0.02734375
6 0.275 0.48828125 0.0375 0.02109375
6 0.5359375 0.6453125 0.0421875 0.0421875
11 0.74765625 0.58203125 0.0421875 0.04140625
11 0.775 0.56015625 0.05625 0.0375
11 0.93203125 0.4578125 0.03359375 0.03359375
11 0.86953125 0.425 0.02578125 0.0359375
13 0.32265625 0.55 0.01796875 0.01640625
13 0.27265625 0.565625 0.0171875 0.021875
13 0.39140625 0.8875 0.05234375 0.03203125
13 0.59140625 0.47265625 0.02109375 0.01796875
6 0.05390625 0.4765625 0.04375 0.02578125