13 0.2625 0.2625 0.041015625 0.049609375
13 0.23828125 0.26796875 0.01875 0.03125
11 0.30625 0.19921875 0.025 0.0390625
10 0.2671875 0.37890625 0.0375 0.0625
13 0.3734375 0.3171875 0.040625 0.040625
13 0.31953125 0.30703125 0.015625 0.01875
6 0.47421875 0.2828125 0.040625 0.0375
10 0.41640625 0.29609375 0.0578125 0.0703125
6 0.41328125 0.278125 0.016796875 0.018359375
6 0.428125 0.27890625 0.019140625 0.0140625
3 0.4328125 0.359375 0.015625 0.03203125
6 0.44296875 0.33828125 0.051171875 0.0390625
13 0.4640625 0.32734375 0.01484375 0.0171875
6 0.47421875 0.3265625 0.01875 0.01484375
13 0.49609375 0.3609375 0.0078125 0.012890625
0 0.46015625 0.39609375 0.0078125 0.009375
6 0.43984375 0.4296875 0.0234375 0.0328125
6 0.38828125 0.4671875 0.02421875 0.0203125
12 0.44921875 0.56328125 0.0109375 0.011328125
6 0.46875 0.55078125 0.027734375 0.023046875
6 0.49609375 0.38671875 0.046875 0.0328125
13 0.5578125 0.4 0.012890625 0.018359375
12 0.565625 0.48515625 0.015234375 0.017578125
11 0.5890625 0.51328125 0.012890625 0.03125
11 0.63984375 0.4671875 0.017578125 0.028515625
11 0.63828125 0.47734375 0.015625 0.02421875
6 0.60390625 0.4875 0.028125 0.028125
13 0.66953125 0.45234375 0.025 0.023046875
16 0.62578125 0.41484375 0.08984375 0.0390625
13 0.678125 0.53203125 0.0125 0.023046875
10 0.703125 0.49765625 0.033984375 0.038671875
10 0.5609375 0.56171875 0.025390625 0.023828125
6 0.55390625 0.5296875 0.036328125 0.025
13 0.35078125 0.45 0.02421875 0.021875
6 0.4546875 0.3734375 0.021875 0.02734375
6 0.3390625 0.4875 0.024609375 0.019140625
6 0.66171875 0.63359375 0.030078125 0.0171875
6 0.65703125 0.65546875 0.01796875 0.01796875
15 0.6453125 0.49375 0.084375 0.06171875
15 0.53984375 0.38359375 0.10234375 0.1
15 0.4703125 0.51875 0.0578125 0.0515625
10 0.74921875 0.47421875 0.036328125 0.033203125
6 0.684375 0.4484375 0.012890625 0.01640625
6 0.65859375 0.428125 0.01796875 0.01484375
6 0.47265625 0.4046875 0.02109375 0.02734375
15 0.390625 0.44609375 0.028125 0.03046875
6 0.61328125 0.37265625 0.01875 0.0140625
11 0.60625 0.6296875 0.012109375 0.027734375
11 0.59453125 0.64296875 0.01171875 0.025
12 0.5078125 0.6046875 0.01484375 0.01484375
6 0.478125 0.575 0.01328125 0.015625
13 0.5546875 0.59375 0.015625 0.012109375
6 0.5453125 0.5765625 0.02265625 0.022265625
6 0.5703125 0.5875 0.028515625 0.01796875