6 0.0296875 0.6078125 0.059375 0.04140625
6 0.0578125 0.54921875 0.04296875 0.0359375
0 0.02734375 0.790625 0.0125 0.01484375
0 0.06953125 0.79453125 0.01171875 0.01328125
0 0.0140625 0.66171875 0.0109375 0.01328125
12 0.0625 0.7078125 0.0234375 0.02734375
11 0.07578125 0.83125 0.02421875 0.03828125
13 0.14375 0.80859375 0.03984375 0.03828125
6 0.2203125 0.61171875 0.0625 0.05859375
6 0.2796875 0.71640625 0.06171875 0.0375
13 0.28828125 0.78046875 0.02109375 0.02421875
12 0.371875 0.67421875 0.0234375 0.02265625
12 0.45390625 0.56953125 0.02109375 0.01953125
13 0.415625 0.44375 0.01484375 0.0171875
13 0.46328125 0.43046875 0.01875 0.01640625
16 0.5140625 0.41875 0.0734375 0.03359375
6 0.54453125 0.5296875 0.0171875 0.02265625
13 0.59296875 0.57578125 0.0265625 0.01640625
6 0.62578125 0.58046875 0.03359375 0.0328125
10 0.5703125 0.42890625 0.07578125 0.08203125
6 0.5203125 0.45703125 0.01484375 0.015625
6 0.5796875 0.375 0.04609375 0.02734375
6 0.41171875 0.36640625 0.0375 0.02109375
6 0.30390625 0.37578125 0.03125 0.02890625
10 0.2984375 0.44609375 0.05625 0.034375
12 0.1984375 0.69375 0.0234375 0.02265625
10 0.38359375 0.61328125 0.05703125 0.04140625
13 0.5328125 0.7625 0.0484375 0.02890625
13 0.72890625 0.35703125 0.02109375 0.01796875
6 0.71640625 0.4046875 0.0484375 0.02734375
11 0.890625 0.46875 0.05 0.0390625
11 0.9171875 0.44921875 0.059375 0.0328125
10 0.16875 0.703125 0.046875 0.05859375
6 0.23671875 0.8078125 0.02890625 0.03359375
0 0.08671875 0.775 0.01875 0.01796875
10 0.13046875 0.7734375 0.059375 0.04453125
6 0.2015625 0.35625 0.0390625 0.01953125
6 0.07109375 0.7640625 0.02578125 0.02578125
6 0.39921875 0.54765625 0.02421875 0.01953125
6 0.48203125 0.63984375 0.01875 0.01796875
6 0.675 0.52890625 0.04453125 0.03828125