12 0.07265625 0.465625 0.014453125 0.022265625
12 0.24921875 0.46328125 0.0171875 0.021875
12 0.065625 0.21875 0.025390625 0.03203125
11 0.3859375 0.275 0.04375 0.037109375
13 0.14921875 0.39921875 0.0296875 0.03125
12 0.24296875 0.3875 0.0171875 0.01875
13 0.47109375 0.2796875 0.0265625 0.02109375
12 0.46796875 0.240625 0.0171875 0.028125
10 0.46953125 0.34140625 0.0734375 0.0421875
13 0.71484375 0.2671875 0.019921875 0.024609375
10 0.51875 0.184375 0.043359375 0.03046875
10 0.22421875 0.2078125 0.0359375 0.02265625
13 0.253125 0.184375 0.021875 0.021875
10 0.45703125 0.21328125 0.021875 0.05