6 0.9703125 0.6078125 0.059375 0.041015625
6 0.9421875 0.54921875 0.043359375 0.0359375
0 0.97265625 0.790625 0.0125 0.015234375
0 0.93046875 0.79453125 0.011328125 0.013671875
0 0.9859375 0.66171875 0.01015625 0.013671875
12 0.9375 0.7078125 0.02421875 0.027734375
11 0.92421875 0.83125 0.023828125 0.037890625
13 0.85625 0.80859375 0.03984375 0.03828125
6 0.7796875 0.61171875 0.0625 0.058203125
6 0.7203125 0.71640625 0.062109375 0.0375
13 0.71171875 0.78046875 0.020703125 0.023828125
12 0.628125 0.67421875 0.0234375 0.02265625
12 0.54609375 0.56953125 0.020703125 0.019921875
13 0.584375 0.44375 0.015234375 0.01796875
13 0.53671875 0.43046875 0.01875 0.016796875
16 0.4859375 0.41875 0.0734375 0.03359375
6 0.45546875 0.5296875 0.0171875 0.022265625
13 0.40703125 0.57578125 0.0265625 0.016796875
6 0.37421875 0.58046875 0.033203125 0.0328125
10 0.4296875 0.42890625 0.07578125 0.08203125
6 0.4796875 0.45703125 0.01484375 0.015625
6 0.4203125 0.375 0.046484375 0.027734375
6 0.58828125 0.36640625 0.0375 0.020703125
6 0.69609375 0.37578125 0.03125 0.02890625
10 0.7015625 0.44609375 0.05625 0.034375
12 0.8015625 0.69375 0.02265625 0.022265625
10 0.61640625 0.61328125 0.057421875 0.041796875
13 0.4671875 0.7625 0.04765625 0.028515625
13 0.27109375 0.35703125 0.020703125 0.017578125
6 0.28359375 0.4046875 0.0484375 0.027734375
11 0.109375 0.46875 0.05 0.0390625
11 0.0828125 0.44921875 0.059375 0.0328125
10 0.83125 0.703125 0.046875 0.058984375
6 0.76328125 0.8078125 0.02890625 0.03359375
0 0.91328125 0.775 0.01875 0.018359375
10 0.86953125 0.7734375 0.059375 0.04453125
6 0.7984375 0.35625 0.03984375 0.019140625
6 0.92890625 0.7640625 0.026171875 0.025390625
6 0.60078125 0.54765625 0.023828125 0.019921875
6 0.51796875 0.63984375 0.01875 0.017578125
6 0.325 0.52890625 0.044140625 0.038671875