13 0.52578125 0.484375 0.008203125 0.01171875
13 0.4515625 0.4515625 0.019140625 0.028125
13 0.45 0.41328125 0.01328125 0.014453125
11 0.54921875 0.53359375 0.035546875 0.023828125
11 0.5234375 0.53203125 0.027734375 0.034375
10 0.5921875 0.528125 0.03125 0.01875
11 0.58359375 0.5375 0.021875 0.015625
11 0.5703125 0.534375 0.018359375 0.021875
10 0.31015625 0.5453125 0.01796875 0.02265625
13 0.9578125 0.2703125 0.015625 0.01875
11 0.2515625 0.41484375 0.031640625 0.019921875
10 0.19375 0.49375 0.031640625 0.01796875
10 0.0140625 0.534375 0.022265625 0.022265625
10 0.4328125 0.31640625 0.027734375 0.0328125
10 0.34453125 0.32890625 0.01875 0.0203125
12 0.5671875 0.32109375 0.012109375 0.011328125
0 0.49140625 0.2984375 0.0078125 0.0125
13 0.35625 0.55625 0.0140625 0.01328125
12 0.3140625 0.51484375 0.012109375 0.013671875