8 0.215625 0.52734375 0.02421875 0.05625
8 0.228125 0.53515625 0.02890625 0.0515625
6 0.17734375 0.4484375 0.0421875 0.04453125
6 0.1109375 0.4109375 0.03125 0.0234375
6 0.20625 0.41171875 0.040625 0.0296875
6 0.2828125 0.51015625 0.0609375 0.03984375
6 0.3109375 0.45625 0.04140625 0.03671875
0 0.265625 0.56015625 0.01171875 0.01328125
9 0.153125 0.871875 0.04140625 0.04609375
3 0.21640625 0.8828125 0.040625 0.0375
9 0.075 0.75546875 0.0546875 0.0390625
9 0.04765625 0.89375 0.03203125 0.028125
8 0.09296875 0.934375 0.03515625 0.0609375
7 0.053125 0.8578125 0.0390625 0.040625
9 0.046875 0.6671875 0.02890625 0.028125
6 0.0265625 0.39609375 0.05234375 0.03125
16 0.10703125 0.459375 0.0890625 0.05859375
9 0.13203125 0.7046875 0.01953125 0.0140625
10 0.21328125 0.9671875 0.09921875 0.065625
7 0.27109375 0.93359375 0.071875 0.11015625
11 0.3203125 0.721875 0.02109375 0.04453125
0 0.31484375 0.68984375 0.01328125 0.01953125
9 0.27890625 0.68125 0.0109375 0.01328125
0 0.33125 0.6703125 0.015625 0.0203125
6 0.31875 0.6609375 0.02578125 0.025
12 0.3078125 0.6046875 0.0234375 0.028125
6 0.378125 0.696875 0.01875 0.02421875
10 0.37421875 0.675 0.053125 0.04453125
13 0.38515625 0.71015625 0.04375 0.0359375
10 0.4078125 0.6109375 0.040625 0.05
12 0.43671875 0.603125 0.02265625 0.02890625
6 0.4625 0.52578125 0.06015625 0.0578125
6 0.51953125 0.63046875 0.0578125 0.03828125
6 0.48671875 0.64296875 0.0140625 0.01484375
13 0.52421875 0.69375 0.0203125 0.0265625
6 0.47421875 0.71484375 0.03046875 0.0359375
12 0.60859375 0.59609375 0.02265625 0.02421875
6 0.559375 0.5671875 0.01640625 0.01953125
10 0.6203125 0.5375 0.05625 0.040625
12 0.69140625 0.4984375 0.0203125 0.0203125
6 0.71953125 0.56796875 0.02109375 0.01484375
6 0.7859375 0.4640625 0.01796875 0.0203125
6 0.77421875 0.59609375 0.015625 0.01171875
6 0.6375 0.47109375 0.02265625 0.021875
6 0.86875 0.51796875 0.034375 0.0375
6 0.921875 0.47109375 0.046875 0.03515625
6 0.9671875 0.34375 0.053125 0.0265625
6 0.825 0.3109375 0.0484375 0.03203125
10 0.8109375 0.36328125 0.07578125 0.08046875
16 0.75625 0.34921875 0.078125 0.034375
13 0.70234375 0.36015625 0.01953125 0.015625
13 0.65703125 0.3703125 0.01640625 0.01796875
13 0.98203125 0.29765625 0.021875 0.01875
6 0.65 0.2921875 0.03671875 0.02421875
6 0.54453125 0.29921875 0.03359375 0.0296875
10 0.53828125 0.37265625 0.05546875 0.05078125
6 0.446875 0.275 0.03984375 0.025
6 0.034375 0.4578125 0.0171875 0.01875
6 0.05390625 0.48984375 0.01875 0.01953125
6 0.07421875 0.434375 0.0203125 0.0203125
6 0.01328125 0.4765625 0.01953125 0.0171875
9 0.08671875 0.834375 0.01796875 0.01875
7 0.021875 0.85234375 0.03671875 0.03203125
9 0.01171875 0.903125 0.021875 0.021875
6 0.0453125 0.5625 0.02421875 0.0203125
9 0.0359375 0.76015625 0.02734375 0.02265625
13 0.76796875 0.696875 0.05390625 0.028125
13 0.834375 0.5140625 0.0296875 0.02109375
6 0.9234375 0.384375 0.01484375 0.01484375
6 0.9421875 0.37109375 0.01484375 0.01484375
13 0.8015625 0.25078125 0.025 0.0203125