16 0.89453125 0.96640625 0.1109375 0.0671875
12 0.834375 0.80234375 0.031640625 0.048046875
11 0.78359375 0.89296875 0.041796875 0.069921875
11 0.7875 0.8671875 0.040234375 0.058984375
11 0.78359375 0.75078125 0.035546875 0.065625
0 0.7453125 0.78671875 0.01328125 0.01796875
0 0.76640625 0.7265625 0.016796875 0.02109375
0 0.809375 0.703125 0.0140625 0.0171875
0 0.709375 0.5484375 0.01328125 0.01953125
12 0.9859375 0.546875 0.021875 0.031640625
13 0.9328125 0.55546875 0.03515625 0.0375
6 0.8828125 0.5453125 0.0734375 0.0484375
6 0.771875 0.83515625 0.090625 0.03671875
11 0.60390625 0.771875 0.035546875 0.059765625
6 0.62109375 0.6078125 0.05 0.034375
13 0.65 0.73046875 0.03125 0.0296875
6 0.625 0.7375 0.021484375 0.034375
13 0.55703125 0.72421875 0.0296875 0.0453125
13 0.49296875 0.74453125 0.038671875 0.035546875
10 0.496875 0.8328125 0.09296875 0.0921875
6 0.4921875 0.80234375 0.03515625 0.026953125
0 0.40390625 0.5703125 0.010546875 0.01015625
12 0.41484375 0.4890625 0.021875 0.025
11 0.38984375 0.61015625 0.0203125 0.053125
12 0.278125 0.503125 0.025 0.025
0 0.45703125 0.44375 0.011328125 0.012109375
11 0.49921875 0.41328125 0.026953125 0.0546875
11 0.48203125 0.4171875 0.026953125 0.055859375
6 0.41875 0.3953125 0.05703125 0.040625
6 0.39375 0.3453125 0.041015625 0.040234375
6 0.5046875 0.2953125 0.03984375 0.025390625
6 0.53203125 0.3265625 0.040625 0.043359375
6 0.59296875 0.28671875 0.029296875 0.023828125
6 0.671875 0.26484375 0.0484375 0.0328125
16 0.59453125 0.33046875 0.088671875 0.04375
13 0.56875 0.56953125 0.021484375 0.017578125
12 0.65 0.52265625 0.028515625 0.0296875
6 0.61640625 0.503125 0.0171875 0.040234375
6 0.80546875 0.515625 0.065625 0.062109375
12 0.73359375 0.4625 0.017578125 0.016015625
6 0.71484375 0.50546875 0.06796875 0.0421875
16 0.6265625 0.4140625 0.178515625 0.047265625
16 0.753125 0.23515625 0.03046875 0.0859375
12 0.7828125 0.4078125 0.03125 0.028515625
6 0.7875 0.6578125 0.075 0.074609375
10 0.75234375 0.5796875 0.051171875 0.05390625
6 0.7890625 0.57265625 0.028515625 0.026953125
13 0.73984375 0.4796875 0.030078125 0.024609375
6 0.97890625 0.58671875 0.039453125 0.0515625
6 0.871875 0.4625 0.022265625 0.021484375
6 0.8671875 0.49921875 0.024609375 0.025
6 0.8171875 0.475 0.015625 0.012109375
6 0.690625 0.36953125 0.028125 0.02578125
6 0.665625 0.32109375 0.01875 0.017578125
6 0.684375 0.3390625 0.016015625 0.016015625
6 0.43515625 0.5203125 0.04453125 0.0328125
10 0.30625 0.62265625 0.059375 0.039453125
13 0.18828125 0.596875 0.019921875 0.028515625
6 0.18515625 0.5390625 0.063671875 0.041015625
6 0.23828125 0.61171875 0.030078125 0.030078125
6 0.24375 0.4265625 0.056640625 0.062890625
6 0.22421875 0.54453125 0.016796875 0.0203125
6 0.15078125 0.48125 0.01875 0.01953125
12 0.1 0.51484375 0.02578125 0.0265625
10 0.0828125 0.4578125 0.059375 0.0484375
6 0.065625 0.39453125 0.01953125 0.020703125
13 0.03984375 0.2875 0.017578125 0.018359375
10 0.1671875 0.284375 0.049609375 0.05
6 0.1765625 0.33046875 0.01640625 0.02578125
6 0.2234375 0.3375 0.03125 0.025390625
6 0.3671875 0.2265625 0.025390625 0.027734375
0 0.3140625 0.30703125 0.0125 0.015625
11 0.23203125 0.16796875 0.05625 0.0265625
6 0.259375 0.17890625 0.0390625 0.02578125
6 0.284375 0.2140625 0.015625 0.01640625
10 0.3390625 0.56484375 0.05 0.040625
0 0.38359375 0.55546875 0.014453125 0.016796875
6 0.6828125 0.73515625 0.02265625 0.023046875
10 0.7125 0.7265625 0.0375 0.0484375
13 0.85078125 0.74375 0.0125 0.0171875
6 0.82421875 0.740625 0.0265625 0.03828125
13 0.975 0.62265625 0.02578125 0.026953125
6 0.90078125 0.4609375 0.02265625 0.015625
13 0.909375 0.52265625 0.033984375 0.0203125
6 0.64765625 0.3546875 0.016796875 0.018359375
6 0.6625 0.421875 0.021484375 0.01875
6 0.45234375 0.40546875 0.016796875 0.015625
15 0.6515625 0.86953125 0.227734375 0.1765625