13 0.2625 0.7375 0.04140625 0.04921875
13 0.23828125 0.73203125 0.01875 0.03125
11 0.30625 0.80078125 0.025 0.0390625
10 0.2671875 0.62109375 0.0375 0.0625
13 0.3734375 0.6828125 0.040625 0.040625
13 0.31953125 0.69296875 0.015625 0.01875
6 0.47421875 0.7171875 0.040625 0.0375
10 0.41640625 0.70390625 0.0578125 0.0703125
6 0.41328125 0.721875 0.01640625 0.01796875
6 0.428125 0.72109375 0.01953125 0.0140625
3 0.4328125 0.640625 0.015625 0.0328125
6 0.44296875 0.66171875 0.05078125 0.0390625
13 0.4640625 0.67265625 0.01484375 0.0171875
6 0.47421875 0.6734375 0.01875 0.0140625
13 0.49609375 0.6390625 0.0078125 0.01328125
0 0.46015625 0.60390625 0.0078125 0.009375
6 0.43984375 0.5703125 0.0234375 0.0328125
6 0.38828125 0.5328125 0.02421875 0.0203125
12 0.44921875 0.43671875 0.0109375 0.01171875
6 0.46875 0.44921875 0.02734375 0.02265625
6 0.49609375 0.61328125 0.046875 0.0328125
13 0.5578125 0.6 0.01328125 0.01796875
12 0.565625 0.51484375 0.01484375 0.01796875
11 0.5890625 0.48671875 0.01328125 0.03125
11 0.63984375 0.5328125 0.01796875 0.02890625
11 0.63828125 0.52265625 0.015625 0.02421875
6 0.60390625 0.5125 0.028125 0.028125
13 0.66953125 0.54765625 0.025 0.02265625
16 0.62578125 0.58515625 0.08984375 0.0390625
13 0.678125 0.46796875 0.0125 0.02265625
10 0.703125 0.50234375 0.03359375 0.03828125
10 0.5609375 0.43828125 0.02578125 0.02421875
6 0.55390625 0.4703125 0.03671875 0.025
13 0.35078125 0.55 0.02421875 0.021875
6 0.4546875 0.6265625 0.021875 0.0265625
6 0.3390625 0.5125 0.02421875 0.01953125
6 0.66171875 0.36640625 0.03046875 0.0171875
6 0.65703125 0.34453125 0.01796875 0.01796875
15 0.6453125 0.50625 0.084375 0.06171875
15 0.53984375 0.61640625 0.10234375 0.1
15 0.4703125 0.48125 0.0578125 0.0515625
10 0.74921875 0.52578125 0.03671875 0.03359375
6 0.684375 0.5515625 0.01328125 0.0171875
6 0.65859375 0.571875 0.01796875 0.01484375
6 0.47265625 0.5953125 0.02109375 0.02734375
15 0.390625 0.55390625 0.028125 0.03046875
6 0.61328125 0.62734375 0.01875 0.0140625
11 0.60625 0.3703125 0.01171875 0.02734375
11 0.59453125 0.35703125 0.01171875 0.025
12 0.5078125 0.3953125 0.0140625 0.0140625
6 0.478125 0.425 0.0140625 0.015625
13 0.5546875 0.40625 0.015625 0.01171875
6 0.5453125 0.4234375 0.0234375 0.02265625
6 0.5703125 0.4125 0.02890625 0.0171875