12 0.4875 0.43203125 0.021875 0.01875
13 0.45078125 0.55859375 0.015625 0.01953125
13 0.496875 0.571875 0.01640625 0.01484375
12 0.4078125 0.328125 0.024609375 0.02421875
6 0.31484375 0.28828125 0.05859375 0.03671875
6 0.25625 0.39375 0.06171875 0.05625
10 0.2015625 0.30234375 0.04609375 0.0484375
12 0.234375 0.31328125 0.021875 0.029296875
13 0.18203125 0.20078125 0.0390625 0.0453125
6 0.17421875 0.21171875 0.01875 0.021875
10 0.16875 0.23359375 0.05703125 0.04453125
11 0.1140625 0.17890625 0.022265625 0.040625
0 0.1265625 0.23515625 0.01640625 0.019921875
0 0.1078125 0.21484375 0.012109375 0.01875
9 0.053125 0.34609375 0.009765625 0.0125
8 0.0125 0.371875 0.025 0.065625
9 0.06796875 0.4 0.0625 0.040625
9 0.09765625 0.45703125 0.044921875 0.039453125
12 0.1015625 0.30234375 0.02265625 0.025
6 0.271875 0.19921875 0.03046875 0.0421875
13 0.3234375 0.22265625 0.02109375 0.0296875
6 0.2390625 0.65 0.03984375 0.0234375
6 0.3390625 0.628125 0.03359375 0.031640625
10 0.3328125 0.553125 0.05390625 0.04921875
6 0.44609375 0.6359375 0.0359375 0.025
10 0.41796875 0.38984375 0.055078125 0.0421875
16 0.54765625 0.58359375 0.0765625 0.035546875
13 0.6265625 0.425 0.028515625 0.030859375
6 0.66015625 0.42109375 0.03359375 0.04296875
10 0.6015625 0.5703125 0.075 0.087109375
6 0.61328125 0.6234375 0.05 0.03125
13 0.7640625 0.64375 0.02265625 0.021875
6 0.75078125 0.59453125 0.0515625 0.036328125
11 0.92265625 0.52734375 0.046875 0.045703125
11 0.95390625 0.54765625 0.059375 0.0390625
0 0.0671875 0.21796875 0.01328125 0.01484375
6 0.1109375 0.2453125 0.028125 0.028125
6 0.7109375 0.4703125 0.041015625 0.034375
6 0.43515625 0.4546875 0.021875 0.0234375
6 0.578125 0.47265625 0.01875 0.0234375
13 0.56640625 0.23828125 0.051953125 0.032421875
6 0.3578125 0.35390625 0.0171875 0.0203125
6 0.51640625 0.36171875 0.01875 0.016796875