13 0.47421875 0.484375 0.008203125 0.01171875
13 0.5484375 0.4515625 0.019140625 0.028125
13 0.55 0.41328125 0.0140625 0.01484375
11 0.45078125 0.53359375 0.035546875 0.023828125
11 0.4765625 0.53203125 0.027734375 0.034375
10 0.4078125 0.528125 0.03125 0.01875
11 0.41640625 0.5375 0.021875 0.015625
11 0.4296875 0.534375 0.018359375 0.021875
10 0.68984375 0.5453125 0.017578125 0.022265625
13 0.0421875 0.2703125 0.015625 0.01875
11 0.7484375 0.41484375 0.03203125 0.01953125
10 0.80625 0.49375 0.031640625 0.01796875
10 0.9859375 0.534375 0.022265625 0.022265625
10 0.5671875 0.31640625 0.027734375 0.0328125
10 0.65546875 0.32890625 0.01875 0.0203125
12 0.4328125 0.32109375 0.012109375 0.011328125
0 0.50859375 0.2984375 0.0078125 0.0125
13 0.64375 0.55625 0.01328125 0.012890625
12 0.6859375 0.51484375 0.01171875 0.01328125