13 0.57578125 0.33359375 0.0515625 0.04609375
10 0.61484375 0.26328125 0.0703125 0.078125
0 0.61796875 0.2421875 0.008203125 0.01484375
11 0.5078125 0.30078125 0.02734375 0.065625
13 0.4703125 0.3796875 0.037109375 0.034765625
13 0.37890625 0.33671875 0.038671875 0.032421875
10 0.2765625 0.2375 0.050390625 0.05078125
3 0.4046875 0.42109375 0.02265625 0.028125
16 0.20234375 0.43515625 0.06171875 0.03671875
12 0.27734375 0.5140625 0.019921875 0.019140625
11 0.2625 0.55 0.015234375 0.021484375
11 0.21171875 0.5 0.01875 0.034375
11 0.25234375 0.665625 0.014453125 0.025
11 0.26640625 0.675 0.011328125 0.024609375
10 0.56640625 0.43515625 0.030078125 0.0578125