6 0.584375 0.35234375 0.04296875 0.0421875
6 0.5578125 0.40078125 0.056640625 0.042578125
0 0.52265625 0.45078125 0.010546875 0.016796875
11 0.48203125 0.41484375 0.0265625 0.054296875
11 0.50078125 0.42109375 0.028125 0.051171875
6 0.471875 0.2984375 0.03828125 0.02734375
12 0.56328125 0.49296875 0.021875 0.023828125
6 0.5828125 0.54765625 0.022265625 0.020703125
0 0.575 0.575 0.01171875 0.01328125
0 0.5953125 0.56015625 0.01484375 0.017578125
11 0.58671875 0.60703125 0.02109375 0.03671875
10 0.63828125 0.57109375 0.054296875 0.041796875
6 0.6390625 0.590625 0.021484375 0.021484375
13 0.646875 0.6015625 0.04140625 0.02890625
12 0.7 0.50625 0.021875 0.021875
6 0.73203125 0.43125 0.05703125 0.05625
6 0.790625 0.5421875 0.059375 0.034375
13 0.78984375 0.60234375 0.01875 0.025
6 0.753125 0.5484375 0.01484375 0.0140625
6 0.7390625 0.615625 0.02734375 0.03359375
6 0.79921875 0.3328125 0.015625 0.022265625
6 0.8265625 0.48359375 0.01875 0.01875
12 0.87734375 0.5171875 0.023828125 0.025
6 0.83203125 0.55546875 0.0140625 0.016796875
10 0.8921875 0.4609375 0.0578125 0.03984375
12 0.9671875 0.428125 0.021875 0.01875
13 0.98046875 0.28515625 0.0203125 0.0171875
13 0.934375 0.29140625 0.01796875 0.017578125
6 0.746875 0.29375 0.02109375 0.02421875
11 0.74296875 0.16796875 0.055078125 0.023828125
6 0.71640625 0.18359375 0.041796875 0.0265625
0 0.6625 0.3109375 0.009765625 0.009765625
6 0.69296875 0.21796875 0.013671875 0.0109375
6 0.6125 0.18125 0.01953125 0.0125
6 0.56875 0.14453125 0.01953125 0.0171875
10 0.590625 0.19140625 0.044140625 0.029296875
10 0.54921875 0.19609375 0.0234375 0.026953125
16 0.38359375 0.33359375 0.09140625 0.04453125
6 0.2875 0.37578125 0.025390625 0.025
6 0.3046875 0.26875 0.0515625 0.03203125
0 0.2671875 0.55546875 0.0125 0.016796875
10 0.22578125 0.5890625 0.0546875 0.05
13 0.2375 0.4859375 0.03203125 0.02265625
6 0.171875 0.5234375 0.06640625 0.059375
11 0.196875 0.75703125 0.034375 0.061328125
0 0.16875 0.71171875 0.0125 0.01796875
0 0.21171875 0.734375 0.013671875 0.01875
0 0.23359375 0.796875 0.01484375 0.0171875
13 0.15 0.7875 0.01953125 0.021875
12 0.14296875 0.81171875 0.028125 0.05
11 0.19609375 0.90390625 0.040625 0.06875
11 0.1921875 0.8765625 0.03984375 0.0609375
6 0.20859375 0.84765625 0.090625 0.0421875
6 0.1921875 0.66640625 0.08515625 0.07265625
12 0.19375 0.4109375 0.0375 0.028125
6 0.04375 0.56640625 0.03828125 0.0375
6 0.0921875 0.553125 0.072265625 0.049609375
6 0.11015625 0.5046875 0.025 0.025390625
6 0.10546875 0.46875 0.021875 0.02578125
12 0.30390625 0.696875 0.0328125 0.031640625
13 0.328125 0.7390625 0.03125 0.030859375
6 0.33515625 0.70546875 0.034375 0.0375
13 0.36484375 0.6875 0.019921875 0.015625
13 0.421875 0.7296875 0.030859375 0.04765625
6 0.35625 0.615625 0.053125 0.037109375
6 0.31640625 0.61484375 0.026171875 0.020703125
13 0.4078125 0.575 0.01875 0.019140625
13 0.48671875 0.753125 0.039453125 0.0375
11 0.371875 0.78046875 0.03671875 0.0625
6 0.48828125 0.809375 0.033203125 0.028515625
10 0.48359375 0.84140625 0.09375 0.0890625
13 0.57578125 0.75703125 0.033203125 0.036328125
0 0.5359375 0.5109375 0.012890625 0.015625
6 0.80703125 0.2875 0.0484375 0.046484375
6 0.81328125 0.21171875 0.033203125 0.032421875
6 0.83515625 0.24140625 0.034375 0.0453125
6 0.9234375 0.21171875 0.040234375 0.029296875
6 0.753125 0.340625 0.03203125 0.030859375
6 0.609375 0.2296875 0.028125 0.025390625
15 0.3296875 0.87890625 0.23359375 0.196875
16 0.07421875 0.97421875 0.0875 0.051171875
6 0.0765625 0.46953125 0.021875 0.014453125
6 0.1875 0.58046875 0.028125 0.029296875
6 0.2625 0.5125 0.06796875 0.0375
12 0.2453125 0.46953125 0.021484375 0.021875
6 0.21796875 0.309375 0.021875 0.03359375
16 0.225 0.24375 0.031640625 0.081640625
6 0.309375 0.3265625 0.01796875 0.01796875
6 0.29296875 0.34453125 0.0171875 0.015625
6 0.3296875 0.359375 0.01796875 0.01796875
6 0.384375 0.29140625 0.030859375 0.023046875
6 0.2453125 0.5328125 0.027734375 0.02734375
6 0.35390625 0.7421875 0.0203125 0.03125
6 0.2953125 0.74296875 0.02578125 0.02265625
6 0.315625 0.4296875 0.021875 0.018359375
16 0.34921875 0.4203125 0.182421875 0.05
16 0.91796875 0.18671875 0.04140625 0.0265625