13 0.96484375 0.22578125 0.0546875 0.048828125
11 0.98125 0.1296875 0.03671875 0.053515625
13 0.8375 0.234375 0.046875 0.04921875
3 0.771875 0.24140625 0.018359375 0.036328125
15 0.56015625 0.4 0.065625 0.06171875
11 0.43828125 0.36484375 0.017578125 0.0375
11 0.41953125 0.28359375 0.020703125 0.0390625
11 0.41640625 0.29765625 0.016796875 0.032421875
12 0.48828125 0.34453125 0.0171875 0.023046875
13 0.38984375 0.246875 0.026171875 0.033984375
13 0.75859375 0.221875 0.0609375 0.03984375
16 0.4890625 0.24296875 0.078515625 0.073046875
10 0.28984375 0.3015625 0.04375 0.04921875
13 0.43125 0.4640625 0.034765625 0.025390625
10 0.54765625 0.453125 0.03046875 0.028125
16 0.540625 0.43671875 0.049609375 0.016796875
13 0.33046875 0.40859375 0.02421875 0.02421875
11 0.1375 0.60234375 0.019140625 0.0265625
10 0.13515625 0.471875 0.042578125 0.021484375
13 0.2203125 0.49140625 0.034375 0.0265625
11 0.2140625 0.39375 0.012890625 0.022265625
11 0.30546875 0.5046875 0.015625 0.02578125
11 0.30859375 0.515625 0.01484375 0.02890625
15 0.38359375 0.31328125 0.116796875 0.095703125
15 0.5984375 0.246875 0.06484375 0.122265625
15 0.23515625 0.30390625 0.08671875 0.084375