13 0.09375 0.69765625 0.03828125 0.03671875
13 0.14296875 0.69375 0.06484375 0.071875
13 0.209375 0.7328125 0.02265625 0.01953125
3 0.33359375 0.7921875 0.04453125 0.0515625
13 0.2703125 0.75 0.0671875 0.0671875
12 0.85859375 0.4375 0.021875 0.02734375
13 0.859375 0.4734375 0.07734375 0.05703125
12 0.9578125 0.7140625 0.0296875 0.03828125
13 0.8703125 0.896875 0.0375 0.0359375
0 0.48203125 0.76171875 0.01328125 0.015625
13 0.4625 0.53046875 0.0359375 0.03203125
11 0.05546875 0.88125 0.07421875 0.03984375
16 0.95546875 0.93671875 0.0890625 0.10390625
16 0.89375 0.8640625 0.07890625 0.0859375