12 0.5125 0.43203125 0.021875 0.01875
13 0.54921875 0.55859375 0.015625 0.019921875
13 0.503125 0.571875 0.016015625 0.015234375
12 0.5921875 0.328125 0.024609375 0.02421875
6 0.68515625 0.28828125 0.05859375 0.03671875
6 0.74375 0.39375 0.06171875 0.05625
10 0.7984375 0.30234375 0.046484375 0.0484375
12 0.765625 0.31328125 0.021875 0.029296875
13 0.81796875 0.20078125 0.0390625 0.0453125
6 0.82578125 0.21171875 0.01875 0.021875
10 0.83125 0.23359375 0.056640625 0.044921875
11 0.8859375 0.17890625 0.022265625 0.040625
0 0.8734375 0.23515625 0.01640625 0.019921875
0 0.8921875 0.21484375 0.012109375 0.01875
9 0.946875 0.34609375 0.009765625 0.0125
8 0.9875 0.371875 0.025 0.065625
9 0.93203125 0.4 0.0625 0.040625
9 0.90234375 0.45703125 0.044921875 0.039453125
12 0.8984375 0.30234375 0.022265625 0.025
6 0.728125 0.19921875 0.030859375 0.0421875
13 0.6765625 0.22265625 0.02109375 0.0296875
6 0.7609375 0.65 0.040234375 0.02421875
6 0.6609375 0.628125 0.03359375 0.031640625
10 0.6671875 0.553125 0.0546875 0.0484375
6 0.55390625 0.6359375 0.0359375 0.025
10 0.58203125 0.38984375 0.055078125 0.0421875
16 0.45234375 0.58359375 0.0765625 0.03515625
13 0.3734375 0.425 0.028515625 0.030859375
6 0.33984375 0.42109375 0.033203125 0.042578125
10 0.3984375 0.5703125 0.075 0.087109375
6 0.38671875 0.6234375 0.05 0.03125
13 0.2359375 0.64375 0.02265625 0.021875
6 0.24921875 0.59453125 0.0515625 0.036328125
11 0.07734375 0.52734375 0.046875 0.045703125
11 0.04609375 0.54765625 0.059375 0.0390625
0 0.9328125 0.21796875 0.012890625 0.014453125
6 0.8890625 0.2453125 0.028125 0.028125
6 0.2890625 0.4703125 0.041015625 0.034375
6 0.56484375 0.4546875 0.021875 0.02265625
6 0.421875 0.47265625 0.01875 0.0234375
13 0.43359375 0.23828125 0.051953125 0.032421875
6 0.6421875 0.35390625 0.01640625 0.0203125
6 0.48359375 0.36171875 0.01875 0.01640625