16 0.10546875 0.96640625 0.1109375 0.0671875
12 0.165625 0.80234375 0.03203125 0.04765625
11 0.21640625 0.89296875 0.04140625 0.06953125
11 0.2125 0.8671875 0.03984375 0.05859375
11 0.21640625 0.75078125 0.03515625 0.065625
0 0.2546875 0.78671875 0.01328125 0.01796875
0 0.23359375 0.7265625 0.01640625 0.0203125
0 0.190625 0.703125 0.0140625 0.0171875
0 0.290625 0.5484375 0.01328125 0.01953125
12 0.0140625 0.546875 0.021875 0.03203125
13 0.0671875 0.55546875 0.0359375 0.0375
6 0.1171875 0.5453125 0.0734375 0.0484375
6 0.228125 0.83515625 0.090625 0.03671875
11 0.39609375 0.771875 0.03515625 0.06015625
6 0.37890625 0.6078125 0.05 0.034375
13 0.35 0.73046875 0.03125 0.0296875
6 0.375 0.7375 0.02109375 0.034375
13 0.44296875 0.72421875 0.0296875 0.0453125
13 0.50703125 0.74453125 0.03828125 0.03515625
10 0.503125 0.8328125 0.09296875 0.0921875
6 0.5078125 0.80234375 0.0359375 0.02734375
0 0.59609375 0.5703125 0.01015625 0.0109375
12 0.58515625 0.4890625 0.021875 0.025
11 0.61015625 0.61015625 0.0203125 0.053125
12 0.721875 0.503125 0.025 0.025
0 0.54296875 0.44375 0.01171875 0.01171875
11 0.50078125 0.41328125 0.02734375 0.0546875
11 0.51796875 0.4171875 0.02734375 0.05546875
6 0.58125 0.3953125 0.0578125 0.040625
6 0.60625 0.3453125 0.04140625 0.03984375
6 0.4953125 0.2953125 0.0390625 0.02578125
6 0.46796875 0.3265625 0.040625 0.04296875
6 0.40703125 0.28671875 0.02890625 0.02421875
6 0.328125 0.26484375 0.0484375 0.0328125
16 0.40546875 0.33046875 0.08828125 0.04375
13 0.43125 0.56953125 0.02109375 0.01796875
12 0.35 0.52265625 0.02890625 0.0296875
6 0.38359375 0.503125 0.0171875 0.03984375
6 0.19453125 0.515625 0.065625 0.06171875
12 0.26640625 0.4625 0.01796875 0.01640625
6 0.28515625 0.50546875 0.06796875 0.0421875
16 0.3734375 0.4140625 0.17890625 0.04765625
16 0.246875 0.23515625 0.0296875 0.0859375
12 0.2171875 0.4078125 0.03125 0.02890625
6 0.2125 0.6578125 0.075 0.07421875
10 0.24765625 0.5796875 0.05078125 0.0546875
6 0.2109375 0.57265625 0.02890625 0.02734375
13 0.26015625 0.4796875 0.03046875 0.02421875
6 0.02109375 0.58671875 0.03984375 0.0515625
6 0.128125 0.4625 0.02265625 0.02109375
6 0.1328125 0.49921875 0.02421875 0.025
6 0.1828125 0.475 0.015625 0.01171875
6 0.309375 0.36953125 0.028125 0.02578125
6 0.334375 0.32109375 0.01875 0.01796875
6 0.315625 0.3390625 0.01640625 0.01640625
6 0.56484375 0.5203125 0.04453125 0.0328125
10 0.69375 0.62265625 0.059375 0.03984375
13 0.81171875 0.596875 0.01953125 0.02890625
6 0.81484375 0.5390625 0.06328125 0.04140625
6 0.76171875 0.61171875 0.03046875 0.03046875
6 0.75625 0.4265625 0.05703125 0.06328125
6 0.77578125 0.54453125 0.01640625 0.0203125
6 0.84921875 0.48125 0.01875 0.01953125
12 0.9 0.51484375 0.02578125 0.0265625
10 0.9171875 0.4578125 0.059375 0.0484375
6 0.934375 0.39453125 0.0203125 0.02109375
13 0.96015625 0.2875 0.01796875 0.01796875
10 0.8328125 0.284375 0.04921875 0.05
6 0.8234375 0.33046875 0.01640625 0.02578125
6 0.7765625 0.3375 0.03125 0.02578125
6 0.6328125 0.2265625 0.02578125 0.02734375
0 0.6859375 0.30703125 0.0125 0.015625
11 0.76796875 0.16796875 0.05625 0.0265625
6 0.740625 0.17890625 0.0390625 0.02578125
6 0.715625 0.2140625 0.015625 0.0171875
10 0.6609375 0.56484375 0.05 0.040625
0 0.61640625 0.55546875 0.01484375 0.01640625
6 0.3171875 0.73515625 0.0234375 0.02265625
10 0.2875 0.7265625 0.0375 0.0484375
13 0.14921875 0.74375 0.0125 0.0171875
6 0.17578125 0.740625 0.0265625 0.0390625
13 0.025 0.62265625 0.0265625 0.02734375
6 0.09921875 0.4609375 0.02265625 0.015625
13 0.090625 0.52265625 0.03359375 0.0203125
6 0.35234375 0.3546875 0.01640625 0.01796875
6 0.3375 0.421875 0.02109375 0.01875
6 0.54765625 0.40546875 0.01640625 0.015625
15 0.3484375 0.86953125 0.22734375 0.1765625