13 0.42421875 0.66640625 0.0515625 0.04609375
10 0.38515625 0.73671875 0.0703125 0.078125
0 0.38203125 0.7578125 0.00859375 0.0140625
11 0.4921875 0.69921875 0.02734375 0.065625
13 0.5296875 0.6203125 0.03671875 0.03515625
13 0.62109375 0.66328125 0.03828125 0.03203125
10 0.7234375 0.7625 0.05078125 0.0515625
3 0.5953125 0.57890625 0.02265625 0.028125
16 0.79765625 0.56484375 0.06171875 0.03671875
12 0.72265625 0.4859375 0.01953125 0.01953125
11 0.7375 0.45 0.01484375 0.02109375
11 0.78828125 0.5 0.01875 0.034375
11 0.74765625 0.334375 0.01484375 0.025
11 0.73359375 0.325 0.01171875 0.02421875
10 0.43359375 0.56484375 0.03046875 0.0578125