16 0.10546875 0.03359375 0.1109375 0.0671875
12 0.165625 0.19765625 0.03203125 0.04765625
11 0.21640625 0.10703125 0.041796875 0.069921875
11 0.2125 0.1328125 0.040234375 0.058984375
11 0.21640625 0.24921875 0.035546875 0.065625
0 0.2546875 0.21328125 0.012890625 0.017578125
0 0.23359375 0.2734375 0.016796875 0.02109375
0 0.190625 0.296875 0.01328125 0.01796875
0 0.290625 0.4515625 0.01328125 0.01953125
12 0.0140625 0.453125 0.021875 0.031640625
13 0.0671875 0.44453125 0.03515625 0.0375
6 0.1171875 0.4546875 0.07265625 0.04765625
6 0.228125 0.16484375 0.090625 0.036328125
11 0.39609375 0.228125 0.03515625 0.06015625
6 0.37890625 0.3921875 0.05 0.034375
13 0.35 0.26953125 0.03125 0.0296875
6 0.375 0.2625 0.02109375 0.034375
13 0.44296875 0.27578125 0.0296875 0.0453125
13 0.50703125 0.25546875 0.038671875 0.035546875
10 0.503125 0.1671875 0.09296875 0.0921875
6 0.5078125 0.19765625 0.03515625 0.026953125
0 0.59609375 0.4296875 0.010546875 0.01015625
12 0.58515625 0.5109375 0.021875 0.025
11 0.61015625 0.38984375 0.0203125 0.053125
12 0.721875 0.496875 0.025 0.025
0 0.54296875 0.55625 0.011328125 0.012109375
11 0.50078125 0.58671875 0.026953125 0.0546875
11 0.51796875 0.5828125 0.026953125 0.055859375
6 0.58125 0.6046875 0.05703125 0.040625
6 0.60625 0.6546875 0.041015625 0.040234375
6 0.4953125 0.7046875 0.03984375 0.025390625
6 0.46796875 0.6734375 0.040625 0.043359375
6 0.40703125 0.71328125 0.029296875 0.023828125
6 0.328125 0.73515625 0.04921875 0.0328125
16 0.40546875 0.66953125 0.088671875 0.04375
13 0.43125 0.43046875 0.021484375 0.017578125
12 0.35 0.47734375 0.028515625 0.0296875
6 0.38359375 0.496875 0.0171875 0.03984375
6 0.19453125 0.484375 0.065625 0.06171875
12 0.26640625 0.5375 0.01796875 0.01640625
6 0.28515625 0.49453125 0.067578125 0.0421875
16 0.3734375 0.5859375 0.17890625 0.04765625
16 0.246875 0.76484375 0.03046875 0.0859375
12 0.2171875 0.5921875 0.03125 0.028515625
6 0.2125 0.3421875 0.075 0.074609375
10 0.24765625 0.4203125 0.05078125 0.0546875
6 0.2109375 0.42734375 0.02890625 0.02734375
13 0.26015625 0.5203125 0.030078125 0.024609375
6 0.02109375 0.41328125 0.039453125 0.0515625
6 0.128125 0.5375 0.022265625 0.021484375
6 0.1328125 0.50078125 0.024609375 0.025
6 0.1828125 0.525 0.015625 0.012109375
6 0.309375 0.63046875 0.028125 0.02578125
6 0.334375 0.67890625 0.01875 0.017578125
6 0.315625 0.6609375 0.016015625 0.016015625
6 0.56484375 0.4796875 0.04453125 0.0328125
10 0.69375 0.37734375 0.059375 0.039453125
13 0.81171875 0.403125 0.01953125 0.02890625
6 0.81484375 0.4609375 0.063671875 0.041015625
6 0.76171875 0.38828125 0.030078125 0.030078125
6 0.75625 0.5734375 0.056640625 0.062890625
6 0.77578125 0.45546875 0.016796875 0.0203125
6 0.84921875 0.51875 0.01875 0.019140625
12 0.9 0.48515625 0.025390625 0.0265625
10 0.9171875 0.5421875 0.059375 0.0484375
6 0.934375 0.60546875 0.0203125 0.02109375
13 0.96015625 0.7125 0.017578125 0.018359375
10 0.8328125 0.715625 0.04921875 0.05
6 0.8234375 0.66953125 0.016015625 0.026171875
6 0.7765625 0.6625 0.03125 0.025390625
6 0.6328125 0.7734375 0.025390625 0.027734375
0 0.6859375 0.69296875 0.0125 0.015625
11 0.76796875 0.83203125 0.05625 0.0265625
6 0.740625 0.82109375 0.03828125 0.026171875
6 0.715625 0.7859375 0.015625 0.01640625
10 0.6609375 0.43515625 0.05 0.040625
0 0.61640625 0.44453125 0.014453125 0.016796875
6 0.3171875 0.26484375 0.02265625 0.023046875
10 0.2875 0.2734375 0.0375 0.04765625
13 0.14921875 0.25625 0.0125 0.0171875
6 0.17578125 0.259375 0.0265625 0.0390625
13 0.025 0.37734375 0.02578125 0.026953125
6 0.09921875 0.5390625 0.02265625 0.015625
13 0.090625 0.47734375 0.03359375 0.0203125
6 0.35234375 0.6453125 0.016796875 0.018359375
6 0.3375 0.578125 0.021484375 0.01875
6 0.54765625 0.59453125 0.016796875 0.015625
15 0.3484375 0.13046875 0.227734375 0.1765625