13 0.07890625 0.83125 0.01484375 0.01953125
12 0.05625 0.78125 0.0234375 0.028125
13 0.140625 0.60078125 0.03125 0.03046875
12 0.2359375 0.6109375 0.01484375 0.01875
12 0.24140625 0.534375 0.01328125 0.015625
13 0.2484375 0.815625 0.021875 0.01953125
15 0.4640625 0.71328125 0.08984375 0.178125
13 0.465625 0.71484375 0.028125 0.0203125
12 0.4625 0.753125 0.01484375 0.02734375
11 0.3765625 0.7203125 0.04453125 0.0359375
15 0.5609375 0.58359375 0.05390625 0.05078125
13 0.71015625 0.7234375 0.01875 0.0265625
13 0.51484375 0.81015625 0.04296875 0.03125
6 0.103125 0.703125 0.0109375 0.0125
12 0.0625 0.53515625 0.01328125 0.01875
10 0.2203125 0.790625 0.03671875 0.0265625
11 0.40234375 0.4140625 0.0265625 0.03515625