6 0.0296875 0.6078125 0.059375 0.041015625
6 0.0578125 0.54921875 0.043359375 0.0359375
0 0.02734375 0.790625 0.0125 0.015234375
0 0.06953125 0.79453125 0.01171875 0.01328125
0 0.0140625 0.66171875 0.01015625 0.013671875
12 0.0625 0.7078125 0.0234375 0.02734375
11 0.07578125 0.83125 0.023828125 0.037890625
13 0.14375 0.80859375 0.040234375 0.038671875
6 0.2203125 0.61171875 0.0625 0.058203125
6 0.2796875 0.71640625 0.062109375 0.0375
13 0.28828125 0.78046875 0.02109375 0.02421875
12 0.371875 0.67421875 0.02421875 0.023046875
12 0.45390625 0.56953125 0.020703125 0.019921875
13 0.415625 0.44375 0.015234375 0.01796875
13 0.46328125 0.43046875 0.01875 0.016796875
16 0.5140625 0.41875 0.07265625 0.033984375
6 0.54453125 0.5296875 0.0171875 0.022265625
13 0.59296875 0.57578125 0.0265625 0.016796875
6 0.62578125 0.58046875 0.033203125 0.0328125
10 0.5703125 0.42890625 0.07578125 0.08203125
6 0.5203125 0.45703125 0.01484375 0.015625
6 0.5796875 0.375 0.04609375 0.02734375
6 0.41171875 0.36640625 0.0375 0.020703125
6 0.30390625 0.37578125 0.03125 0.029296875
10 0.2984375 0.44609375 0.05625 0.034375
12 0.1984375 0.69375 0.02265625 0.022265625
10 0.38359375 0.61328125 0.057421875 0.041796875
13 0.5328125 0.7625 0.04765625 0.028515625
13 0.72890625 0.35703125 0.020703125 0.017578125
6 0.71640625 0.4046875 0.0484375 0.027734375
11 0.890625 0.46875 0.05 0.0390625
11 0.9171875 0.44921875 0.059375 0.0328125
10 0.16875 0.703125 0.046875 0.058984375
6 0.23671875 0.8078125 0.029296875 0.033984375
0 0.08671875 0.775 0.01875 0.018359375
10 0.13046875 0.7734375 0.059375 0.044140625
6 0.2015625 0.35625 0.03984375 0.019140625
6 0.07109375 0.7640625 0.02578125 0.02578125
6 0.39921875 0.54765625 0.023828125 0.019921875
6 0.48203125 0.63984375 0.01875 0.017578125
6 0.675 0.52890625 0.044140625 0.038671875