13 0.953125 0.73203125 0.015625 0.015625
10 0.5921875 0.475 0.03359375 0.01796875
11 0.5828125 0.46640625 0.02109375 0.015625
11 0.56953125 0.46796875 0.017578125 0.0234375
11 0.54765625 0.46875 0.034375 0.030859375
11 0.52265625 0.46953125 0.026171875 0.033203125
13 0.45 0.5515625 0.02109375 0.02734375
0 0.4921875 0.7046875 0.008984375 0.01015625
13 0.52421875 0.51953125 0.00625 0.0109375
10 0.309375 0.45625 0.018359375 0.01953125
10 0.19375 0.5078125 0.03203125 0.01640625
11 0.24765625 0.5875 0.0375 0.022265625
10 0.2203125 0.6015625 0.0265625 0.0171875
10 0.35703125 0.56640625 0.0234375 0.020703125
13 0.44765625 0.5890625 0.0140625 0.015234375
12 0.3140625 0.48515625 0.012109375 0.0109375
13 0.35703125 0.44609375 0.013671875 0.011328125
10 0.01484375 0.4671875 0.0234375 0.021875
10 0.43125 0.68671875 0.028125 0.026953125
10 0.34140625 0.67265625 0.01875 0.0234375
12 0.5640625 0.68046875 0.009765625 0.015625