10 0.2078125 0.86328125 0.09140625 0.0890625
6 0.23828125 0.8734375 0.03046875 0.03125
0 0.20859375 0.87890625 0.01015625 0.01640625
13 0.24296875 0.75390625 0.01875 0.02421875
13 0.26875 0.7625 0.0421875 0.05
10 0.27734375 0.64921875 0.0375 0.06328125
11 0.35390625 0.8046875 0.03828125 0.06171875
13 0.3796875 0.70546875 0.03984375 0.0390625
13 0.33046875 0.70859375 0.01484375 0.01328125
6 0.4328125 0.7390625 0.02734375 0.02109375
6 0.47734375 0.740625 0.03828125 0.0375
3 0.4546875 0.65625 0.01875 0.0296875
13 0.4640625 0.69921875 0.0171875 0.02109375
6 0.44453125 0.69453125 0.02421875 0.0171875
6 0.4546875 0.67890625 0.03984375 0.03828125
0 0.46953125 0.625 0.00703125 0.00859375
6 0.48125 0.6203125 0.0171875 0.028125
6 0.49921875 0.640625 0.04609375 0.03125
12 0.5734375 0.546875 0.01171875 0.01875
13 0.359375 0.5765625 0.02421875 0.01875
6 0.39609375 0.5609375 0.02421875 0.0203125
10 0.38203125 0.59609375 0.040625 0.03125
15 0.39765625 0.5796875 0.028125 0.03046875
6 0.446875 0.53203125 0.028125 0.02109375
12 0.4546875 0.4640625 0.01015625 0.01328125
15 0.46953125 0.48359375 0.053125 0.04609375
6 0.3484375 0.7359375 0.0140625 0.01484375
10 0.41953125 0.72890625 0.05703125 0.0625
15 0.54296875 0.64609375 0.1 0.09921875
13 0.60390625 0.621875 0.0109375 0.01171875
16 0.63359375 0.61328125 0.0890625 0.04140625
11 0.6453125 0.5640625 0.01953125 0.03359375
11 0.64765625 0.5546875 0.015625 0.028125
13 0.67265625 0.57890625 0.025 0.0203125
6 0.6875 0.58125 0.01328125 0.01953125
10 0.71015625 0.534375 0.03671875 0.03046875
6 0.76875 0.47734375 0.0328125 0.01953125
6 0.75390625 0.5609375 0.03828125 0.0328125
11 0.5984375 0.5171875 0.0171875 0.0265625
11 0.71015625 0.4609375 0.01015625 0.0234375
11 0.60390625 0.3890625 0.015625 0.025
11 0.61640625 0.39921875 0.01484375 0.03125
6 0.44453125 0.5953125 0.025 0.03046875
13 0.56328125 0.62890625 0.01171875 0.0234375
13 0.61328125 0.65859375 0.02734375 0.0171875
6 0.61171875 0.5453125 0.034375 0.03125
15 0.65078125 0.53515625 0.08828125 0.06640625
6 0.66796875 0.39921875 0.0296875 0.0171875
6 0.759375 0.4328125 0.0328125 0.015625
6 0.5640625 0.5015625 0.03359375 0.0234375
12 0.0125 0.9203125 0.025 0.03671875
13 0.5359375 0.465625 0.015625 0.0234375
6 0.6609375 0.37890625 0.01640625 0.01953125
6 0.66484375 0.60078125 0.025 0.01796875
10 0.42109375 0.775 0.04453125 0.05859375
11 0.6609375 0.3125 0.0203125 0.0140625
6 0.3625 0.53984375 0.046875 0.025
6 0.640625 0.46953125 0.02265625 0.0140625
13 0.6828125 0.4984375 0.01328125 0.0171875
6 0.3390625 0.61015625 0.02265625 0.02109375