11 0.76796875 0.57265625 0.05390625 0.03046875
11 0.740625 0.5921875 0.0421875 0.03515625
11 0.8625 0.43671875 0.02734375 0.0359375
11 0.925 0.4703125 0.0359375 0.0328125
6 0.0546875 0.75234375 0.06875 0.05703125
6 0.11640625 0.86328125 0.0640625 0.0359375
12 0.2171875 0.81484375 0.02265625 0.025
12 0.30234375 0.70546875 0.021875 0.01640625
13 0.26328125 0.5765625 0.01484375 0.021875
13 0.31484375 0.56171875 0.01796875 0.01796875
16 0.36796875 0.54921875 0.07578125 0.0328125
10 0.428125 0.56015625 0.08203125 0.0828125
13 0.4453125 0.71015625 0.028125 0.02265625
6 0.528125 0.65546875 0.0421875 0.0390625
6 0.153125 0.50625 0.03125 0.03046875
13 0.12734375 0.92890625 0.01953125 0.03046875
10 0.228125 0.74921875 0.05859375 0.03828125
13 0.38046875 0.89921875 0.0515625 0.03203125
6 0.4796875 0.71484375 0.03515625 0.034375
10 0.14140625 0.57890625 0.05625 0.0375
12 0.03359375 0.83984375 0.02734375 0.0234375
13 0.584375 0.48359375 0.02109375 0.01640625
6 0.2671875 0.49921875 0.03515625 0.02109375
6 0.39453125 0.66484375 0.021875 0.0265625
6 0.4359375 0.50546875 0.04609375 0.025
6 0.57109375 0.53359375 0.0484375 0.025
6 0.0453125 0.4875 0.04609375 0.0328125