12 0.76328125 0.7875 0.023046875 0.02421875
12 0.6796875 0.67890625 0.02109375 0.014453125
6 0.92421875 0.7265625 0.0671875 0.05703125
16 0.61484375 0.525 0.070703125 0.03125
13 0.55078125 0.48203125 0.046875 0.025
10 0.83984375 0.553125 0.054296875 0.033984375
10 0.57421875 0.53515625 0.055078125 0.08125
11 0.06015625 0.446875 0.03359375 0.03203125
11 0.1234375 0.41328125 0.024609375 0.034375
11 0.2171875 0.55 0.053125 0.028515625
11 0.246875 0.57109375 0.03828125 0.03671875
13 0.45546875 0.50703125 0.025 0.026171875
13 0.66796875 0.53671875 0.01484375 0.01015625
10 0.86328125 0.8359375 0.0609375 0.034765625
10 0.9765625 0.8234375 0.04609375 0.04765625
13 0.3484375 0.5390625 0.0203125 0.0203125