13 0.03515625 0.77421875 0.0546875 0.04921875
11 0.01875 0.8703125 0.0359375 0.05390625
13 0.1625 0.765625 0.046875 0.0484375
3 0.228125 0.75859375 0.01796875 0.03671875
15 0.43984375 0.6 0.065625 0.0609375
11 0.56171875 0.63515625 0.01796875 0.0375
11 0.58046875 0.71640625 0.02109375 0.0390625
11 0.58359375 0.70234375 0.01640625 0.03203125
12 0.51171875 0.65546875 0.0171875 0.02265625
13 0.61015625 0.753125 0.02578125 0.03359375
13 0.24140625 0.778125 0.0609375 0.03984375
16 0.5109375 0.75703125 0.07890625 0.07265625
10 0.71015625 0.6984375 0.04375 0.04921875
13 0.56875 0.5359375 0.03515625 0.02578125
10 0.45234375 0.546875 0.03046875 0.028125
16 0.459375 0.56328125 0.04921875 0.01640625
13 0.66953125 0.59140625 0.02421875 0.02421875
11 0.8625 0.39765625 0.01953125 0.0265625
10 0.86484375 0.528125 0.04296875 0.02109375
13 0.7796875 0.50859375 0.034375 0.0265625
11 0.7859375 0.60625 0.01328125 0.02265625
11 0.69453125 0.4953125 0.015625 0.02578125
11 0.69140625 0.484375 0.01484375 0.02890625
15 0.61640625 0.68671875 0.11640625 0.09609375
15 0.4015625 0.753125 0.0640625 0.12265625
15 0.76484375 0.69609375 0.08671875 0.084375