13 0.975 0.7609375 0.0203125 0.021875
13 0.95 0.93359375 0.04296875 0.05
13 0.8859375 0.94140625 0.043359375 0.038671875
6 0.928125 0.4953125 0.046875 0.05234375
6 0.896875 0.45859375 0.043359375 0.026953125
11 0.88671875 0.57421875 0.025 0.054296875
11 0.875 0.58203125 0.02734375 0.05390625
0 0.8359375 0.60625 0.0125 0.015234375
0 0.78359375 0.7390625 0.0109375 0.01484375
0 0.7671875 0.71875 0.015234375 0.018359375
12 0.790625 0.65234375 0.021875 0.026171875
11 0.77890625 0.775 0.023828125 0.041015625
13 0.71484375 0.7546875 0.04453125 0.03984375
6 0.72109375 0.74296875 0.01875 0.026171875
6 0.82109375 0.5546875 0.0609375 0.044140625
6 0.7921875 0.5 0.043359375 0.040234375
6 0.6390625 0.56796875 0.06015625 0.0578125
10 0.56015625 0.40859375 0.057421875 0.0390625
6 0.58046875 0.67421875 0.059375 0.036328125
12 0.48984375 0.6375 0.023828125 0.025
12 0.40859375 0.5359375 0.02109375 0.01875
6 0.4484375 0.33125 0.0375 0.022265625
13 0.396875 0.3953125 0.018359375 0.02109375
13 0.44296875 0.40859375 0.015625 0.019921875
13 0.2671875 0.54765625 0.027734375 0.026953125
6 0.2328125 0.5515625 0.031640625 0.034765625
10 0.2890625 0.40078125 0.075 0.08125
16 0.34296875 0.38515625 0.071875 0.03515625
6 0.278125 0.34765625 0.04765625 0.028125
6 0.1390625 0.37578125 0.053125 0.032421875
13 0.12421875 0.3296875 0.02109375 0.01953125
6 0.31484375 0.5 0.0171875 0.024609375
6 0.38046875 0.60546875 0.01875 0.0140625
10 0.478125 0.57578125 0.0546875 0.04140625
6 0.4609375 0.51171875 0.0234375 0.021875
6 0.625 0.76015625 0.02890625 0.03359375
12 0.66171875 0.6453125 0.023046875 0.028515625
10 0.690625 0.65234375 0.041015625 0.0484375
6 0.5390625 0.609375 0.018359375 0.019140625
13 0.57421875 0.7359375 0.02109375 0.02890625
6 0.55390625 0.33671875 0.032421875 0.032421875
6 0.653125 0.315625 0.03828125 0.0265625
10 0.7265625 0.72109375 0.052734375 0.0421875
13 0.33203125 0.7328125 0.053125 0.031640625
6 0.18125 0.503125 0.04375 0.034765625
6 0.340625 0.42421875 0.01484375 0.01484375
6 0.6125 0.6859375 0.0140625 0.01875
16 0.9796875 0.49921875 0.040625 0.04375
6 0.6671875 0.3546875 0.015234375 0.01640625
13 0.06953125 0.4109375 0.0203125 0.028125
13 0.07109375 0.39921875 0.04609375 0.03203125