6 0.41640625 0.459375 0.0625 0.066015625
6 0.47421875 0.353125 0.0609375 0.04140625
6 0.515625 0.41640625 0.01875 0.021875
6 0.50078125 0.6875 0.033203125 0.030859375
6 0.40234375 0.7109375 0.03984375 0.02890625
6 0.60546875 0.69375 0.03828125 0.02578125
6 0.7421875 0.52421875 0.021484375 0.026171875
6 0.87734375 0.5171875 0.04375 0.03984375
6 0.82421875 0.46953125 0.036328125 0.0359375
6 0.675 0.4171875 0.022265625 0.021484375
6 0.23671875 0.4734375 0.0640625 0.04140625
6 0.26484375 0.5265625 0.042578125 0.040625
6 0.159375 0.5703125 0.040625 0.028515625
6 0.13125 0.534375 0.043359375 0.046875
6 0.06484375 0.571875 0.0296875 0.025390625
13 0.03046875 0.21875 0.048046875 0.03828125
13 0.1078125 0.10546875 0.04375 0.054296875
13 0.1703125 0.09140625 0.0421875 0.0484375
13 0.340625 0.27265625 0.040234375 0.0421875
6 0.33359375 0.2875 0.02265625 0.0265625
10 0.325 0.3046875 0.062109375 0.049609375
10 0.36328125 0.375 0.045703125 0.05546875
12 0.39296875 0.3796875 0.025 0.025
6 0.43046875 0.26640625 0.028125 0.0359375
13 0.48125 0.28984375 0.01953125 0.028125
12 0.5640625 0.3875 0.02578125 0.0234375
6 0.59375 0.5109375 0.021484375 0.021484375
10 0.578125 0.4484375 0.0578125 0.03828125
10 0.4953125 0.61328125 0.053125 0.0421875
0 0.27109375 0.2921875 0.0109375 0.016015625
0 0.2875 0.3109375 0.015625 0.01640625
0 0.21953125 0.42265625 0.0109375 0.0125
12 0.26328125 0.37890625 0.0234375 0.025
11 0.2765625 0.25703125 0.021484375 0.039453125
13 0.7234375 0.28984375 0.053125 0.028125
13 0.78984375 0.4734375 0.0296875 0.0171875
6 0.9203125 0.64296875 0.052734375 0.029296875
13 0.9359375 0.68984375 0.02265625 0.01953125
10 0.765625 0.62265625 0.07578125 0.0859375
16 0.7125 0.6359375 0.077734375 0.034765625
13 0.65859375 0.6265625 0.01875 0.01796875
13 0.6125 0.615625 0.016015625 0.01953125
11 0.04453125 0.03828125 0.038671875 0.0671875
11 0.1703125 0.45703125 0.025 0.0515625
11 0.18203125 0.446875 0.028125 0.050390625
12 0.646875 0.48671875 0.021875 0.01875
6 0.715625 0.5984375 0.01328125 0.01875
6 0.78046875 0.67421875 0.04765625 0.028125
0 0.3484375 0.57578125 0.009765625 0.0125
16 0.05859375 0.52109375 0.091796875 0.05625
6 0.38828125 0.6703125 0.0125 0.01015625
6 0.44140625 0.34140625 0.016796875 0.016796875
13 0.75625 0.734375 0.024609375 0.01953125
6 0.771875 0.7109375 0.01875 0.019140625
6 0.87890625 0.60234375 0.01875 0.01875
6 0.896875 0.61640625 0.015234375 0.0171875
10 0.22578125 0.05 0.0703125 0.1
10 0.15859375 0.02109375 0.08046875 0.04140625
6 0.015625 0.1171875 0.030859375 0.046484375
13 0.990625 0.60859375 0.01875 0.025
13 0.98359375 0.62265625 0.0328125 0.020703125
6 0.00703125 0.49140625 0.0140625 0.0171875
6 0.0421875 0.503125 0.02578125 0.0171875
6 0.0359375 0.5859375 0.01796875 0.01640625
6 0.1125 0.55859375 0.015625 0.023046875
13 0.0390625 0.1390625 0.01875 0.01875
6 0.05078125 0.11484375 0.021875 0.016796875
13 0.084375 0.2734375 0.019140625 0.01640625