11 0.45390625 0.5453125 0.03515625 0.02578125
11 0.47890625 0.546875 0.0265625 0.033984375
11 0.43203125 0.54609375 0.017578125 0.023828125
10 0.69296875 0.5609375 0.0203125 0.02109375
10 0.1234375 0.2078125 0.03828125 0.02890625
10 0.8078125 0.51171875 0.030859375 0.019921875
10 0.984375 0.5546875 0.022265625 0.024609375
10 0.575 0.33125 0.02578125 0.028125
13 0.55234375 0.46328125 0.02109375 0.02734375
11 0.753125 0.43203125 0.034765625 0.0203125
13 0.4796875 0.4953125 0.00859375 0.01015625
10 0.6640625 0.3453125 0.018359375 0.02109375
13 0.5578125 0.428125 0.01484375 0.012890625
12 0.44296875 0.334375 0.0109375 0.0125
0 0.5125 0.3109375 0.008984375 0.012109375
13 0.0546875 0.275 0.015234375 0.016015625
11 0.42109375 0.54609375 0.016796875 0.015625