0 0.37109375 0.775 0.0109375 0.0140625
13 0.42109375 0.68359375 0.03828125 0.0484375
13 0.39765625 0.67421875 0.01875 0.02890625
10 0.4234375 0.58046875 0.03125 0.0578125
11 0.48359375 0.7171875 0.03125 0.06328125
13 0.5203125 0.63515625 0.03828125 0.040625
10 0.55859375 0.6640625 0.05859375 0.0625
3 0.58671875 0.5921875 0.02734375 0.0296875
6 0.61171875 0.67734375 0.03671875 0.03671875
0 0.60234375 0.56875 0.00859375 0.01328125
12 0.7109375 0.5 0.01796875 0.0203125
10 0.69453125 0.425 0.0265625 0.02109375
11 0.7265625 0.465625 0.01484375 0.02421875
11 0.8296875 0.5859375 0.02890625 0.028125
16 0.78671875 0.57734375 0.06171875 0.0375
13 0.809375 0.5375 0.02421875 0.02421875
6 0.79765625 0.55703125 0.01875 0.01640625
11 0.7765625 0.515625 0.0171875 0.04375
6 0.746875 0.503125 0.03203125 0.02890625
15 0.78359375 0.49375 0.0921875 0.06796875
6 0.89765625 0.39453125 0.0296875 0.01640625
6 0.90546875 0.43984375 0.03671875 0.02421875
6 0.859375 0.42734375 0.02421875 0.02109375
10 0.89453125 0.5265625 0.04140625 0.0359375
6 0.7984375 0.35859375 0.03125 0.0203125
6 0.790625 0.3390625 0.02265625 0.01875
6 0.63046875 0.584375 0.046875 0.03046875
12 0.21328125 0.7828125 0.02109375 0.028125
10 0.19296875 0.79375 0.03046875 0.03984375
15 0.67734375 0.59375 0.10234375 0.0984375
6 0.575 0.5390625 0.0265625 0.034375
15 0.59453125 0.41328125 0.04765625 0.04609375
6 0.69921875 0.45625 0.03125 0.028125
11 0.721875 0.33984375 0.01640625 0.02265625
11 0.7375 0.35078125 0.0140625 0.0265625
6 0.528125 0.5 0.025 0.025
6 0.54140625 0.496875 0.01953125 0.01796875
6 0.55390625 0.50859375 0.0171875 0.025
6 0.6828125 0.409375 0.02109375 0.02109375
6 0.70546875 0.40234375 0.0296875 0.02421875
6 0.4 0.77734375 0.03359375 0.02421875
6 0.665625 0.41875 0.01484375 0.025
6 0.57734375 0.48125 0.02578125 0.01875
13 0.478125 0.634375 0.01171875 0.015625
6 0.58515625 0.571875 0.021875 0.02421875
13 0.59765625 0.6375 0.0171875 0.01953125
13 0.62734375 0.6078125 0.009375 0.01171875