13 0.47421875 0.515625 0.00859375 0.0109375
13 0.5484375 0.5484375 0.01953125 0.028125
13 0.55 0.58671875 0.0140625 0.01484375
11 0.45078125 0.46640625 0.03515625 0.02421875
11 0.4765625 0.46796875 0.02734375 0.034375
10 0.4078125 0.471875 0.03125 0.01875
11 0.41640625 0.4625 0.021875 0.015625
11 0.4296875 0.465625 0.01796875 0.021875
10 0.68984375 0.4546875 0.01796875 0.02265625
13 0.0421875 0.7296875 0.015625 0.01875
11 0.7484375 0.58515625 0.03203125 0.01953125
10 0.80625 0.50625 0.03203125 0.0171875
10 0.9859375 0.465625 0.02265625 0.02265625
10 0.5671875 0.68359375 0.02734375 0.0328125
10 0.65546875 0.67109375 0.01875 0.0203125
12 0.4328125 0.67890625 0.01171875 0.01171875
0 0.50859375 0.7015625 0.0078125 0.0125
13 0.64375 0.44375 0.0140625 0.01328125
12 0.6859375 0.48515625 0.01171875 0.01328125