13 0.065625 0.7109375 0.04296875 0.041015625
13 0.11640625 0.70625 0.065625 0.077734375
6 0.0359375 0.50078125 0.04140625 0.035546875
11 0.0359375 0.8953125 0.069140625 0.034375
13 0.24453125 0.7625 0.070703125 0.080859375
13 0.1859375 0.74296875 0.025390625 0.020703125
10 0.20390625 0.9046875 0.067578125 0.07734375
6 0.24296875 0.8890625 0.01875 0.03515625
6 0.20234375 0.8765625 0.0328125 0.021875
10 0.284375 0.86328125 0.11875 0.082421875
3 0.30859375 0.8015625 0.045703125 0.053515625
6 0.371875 0.87265625 0.03984375 0.04765625
13 0.40234375 0.82578125 0.0328125 0.033203125
6 0.41796875 0.83671875 0.04375 0.026953125
6 0.3453125 0.8125 0.096875 0.077734375
6 0.346875 0.75703125 0.04453125 0.025
6 0.425 0.78515625 0.06796875 0.029296875
0 0.45625 0.7703125 0.015625 0.018359375
0 0.43515625 0.715625 0.015625 0.015234375
6 0.41015625 0.7671875 0.0234375 0.021875
13 0.50390625 0.84609375 0.0265625 0.025
6 0.49453125 0.77265625 0.042578125 0.0671875
6 0.58125 0.84453125 0.10546875 0.085546875
13 0.43671875 0.5359375 0.04375 0.03515625
6 0.3390625 0.653125 0.034765625 0.03203125
10 0.4046875 0.6203125 0.066015625 0.046875
6 0.3046875 0.471875 0.028515625 0.021484375
13 0.3671875 0.57890625 0.025390625 0.040625
6 0.50234375 0.51875 0.05078125 0.04140625
6 0.65390625 0.50078125 0.045703125 0.0515625
6 0.61953125 0.4828125 0.092578125 0.12734375
16 0.796875 0.521875 0.08671875 0.050390625
6 0.76171875 0.44140625 0.058203125 0.039453125
12 0.8296875 0.43984375 0.021484375 0.0296875
12 0.81171875 0.41796875 0.02265625 0.01875
6 0.83046875 0.4765625 0.076171875 0.05625
12 0.9359375 0.71015625 0.033984375 0.041796875
13 0.93125 0.68828125 0.0234375 0.0234375
11 0.9859375 0.7078125 0.028125 0.0875
11 0.98671875 0.83359375 0.0265625 0.09921875
12 0.94453125 0.4203125 0.026171875 0.025390625
6 0.93828125 0.45859375 0.075 0.041796875
6 0.7921875 0.353125 0.041015625 0.021875
6 0.7453125 0.3484375 0.021484375 0.01640625
6 0.875 0.4515625 0.0390625 0.03828125
6 0.92734375 0.37421875 0.023046875 0.020703125
13 0.75625 0.88984375 0.024609375 0.048828125
13 0.84375 0.89375 0.037109375 0.044140625
16 0.91328125 0.8984375 0.15 0.1515625
13 0.6828125 0.775 0.0265625 0.02421875
15 0.7078125 0.86171875 0.122265625 0.2140625
13 0.5484375 0.56875 0.03359375 0.034375
6 0.51484375 0.46875 0.051953125 0.028515625
0 0.54609375 0.45859375 0.015625 0.0125
12 0.453125 0.7328125 0.03125 0.03359375
15 0.55546875 0.6359375 0.113671875 0.11484375
6 0.34921875 0.81328125 0.091796875 0.082421875
0 0.6171875 0.71484375 0.015625 0.01875
6 0.54375 0.53359375 0.05546875 0.069921875
6 0.73203125 0.5328125 0.034375 0.0546875