12 0.07265625 0.534375 0.01484375 0.02265625
12 0.24921875 0.53671875 0.0171875 0.021875
12 0.065625 0.78125 0.02578125 0.0328125
11 0.3859375 0.725 0.04375 0.03671875
13 0.14921875 0.60078125 0.0296875 0.03125
12 0.24296875 0.6125 0.0171875 0.01875
13 0.47109375 0.7203125 0.0265625 0.0203125
12 0.46796875 0.759375 0.0171875 0.028125
10 0.46953125 0.65859375 0.0734375 0.0421875
13 0.71484375 0.7328125 0.01953125 0.02421875
10 0.51875 0.815625 0.04296875 0.0296875
10 0.22421875 0.7921875 0.0359375 0.0234375
13 0.253125 0.815625 0.021875 0.021875
10 0.45703125 0.78671875 0.021875 0.05