10 0.16640625 0.81484375 0.0234375 0.03515625
12 0.18671875 0.80234375 0.02265625 0.02890625
13 0.4 0.6953125 0.03828125 0.04375
13 0.375 0.6875 0.01640625 0.0234375
0 0.34921875 0.78984375 0.009375 0.01484375
10 0.3515625 0.7703125 0.07421875 0.071875
10 0.40234375 0.590625 0.03125 0.05859375
11 0.46640625 0.728125 0.0296875 0.0640625
13 0.49921875 0.6453125 0.03984375 0.03828125
13 0.45625 0.64375 0.01328125 0.0125
10 0.53671875 0.671875 0.05546875 0.0546875
6 0.59140625 0.68515625 0.040625 0.034375
6 0.54921875 0.68046875 0.02421875 0.02265625
6 0.609375 0.5921875 0.04453125 0.0296875
0 0.58203125 0.57578125 0.0078125 0.01015625
13 0.60703125 0.61484375 0.01015625 0.0125
13 0.5765625 0.64453125 0.015625 0.01640625
3 0.5703125 0.6015625 0.0234375 0.02890625
6 0.55703125 0.6390625 0.0265625 0.0171875
6 0.56796875 0.62421875 0.0375 0.0375
6 0.5453125 0.6078125 0.0125 0.01796875
6 0.5546875 0.546875 0.0265625 0.03046875
6 0.5921875 0.57109375 0.0171875 0.03046875
6 0.5078125 0.50859375 0.025 0.02109375
10 0.50625 0.553125 0.0328125 0.0296875
15 0.5109375 0.528125 0.02578125 0.0296875
13 0.47421875 0.525 0.01953125 0.01953125
15 0.571875 0.4203125 0.04921875 0.03984375
6 0.5953125 0.41328125 0.0125 0.01484375
12 0.6859375 0.5046875 0.015625 0.0203125
11 0.70234375 0.47265625 0.0171875 0.02890625
6 0.7234375 0.50625 0.03125 0.03046875
11 0.75234375 0.52734375 0.015625 0.034375
11 0.7546875 0.515625 0.01640625 0.03125
13 0.78515625 0.5421875 0.02578125 0.02421875
6 0.77421875 0.5609375 0.0203125 0.01796875
16 0.7640625 0.58125 0.05859375 0.0328125
11 0.80625 0.58828125 0.03046875 0.0328125
13 0.79296875 0.4625 0.01328125 0.01640625
13 0.81875 0.4703125 0.0140625 0.0171875
10 0.86875 0.528125 0.04296875 0.0328125
6 0.88125 0.44296875 0.0359375 0.021875
6 0.87109375 0.396875 0.03046875 0.0125
6 0.76640625 0.3421875 0.01875 0.01796875
6 0.7734375 0.3640625 0.03125 0.0203125
11 0.71484375 0.353125 0.01171875 0.02265625
11 0.6984375 0.34140625 0.0140625 0.0234375
6 0.675 0.4609375 0.0328125 0.0265625
6 0.659375 0.41484375 0.0203125 0.021875
6 0.6265625 0.40703125 0.02265625 0.0203125
12 0.61953125 0.3859375 0.0171875 0.015625
15 0.65859375 0.60078125 0.10234375 0.10078125
6 0.68203125 0.40703125 0.03046875 0.01875
15 0.7625 0.49765625 0.08515625 0.0640625
11 0.753125 0.2734375 0.0265625 0.01875
6 0.7671875 0.2828125 0.01953125 0.0140625
6 0.78515625 0.2828125 0.01875 0.01484375
13 0.73125 0.6171875 0.01953125 0.01640625
13 0.71953125 0.621875 0.0140625 0.0140625
13 0.6765625 0.5875 0.01328125 0.0203125
6 0.37734375 0.790625 0.03046875 0.02734375