6 0.58359375 0.540625 0.0625 0.066015625
6 0.52578125 0.646875 0.0609375 0.041015625
6 0.484375 0.58359375 0.01875 0.021875
6 0.49921875 0.3125 0.033203125 0.030859375
6 0.59765625 0.2890625 0.039453125 0.028515625
6 0.39453125 0.30625 0.03828125 0.02578125
6 0.2578125 0.47578125 0.02109375 0.02578125
6 0.12265625 0.4828125 0.04375 0.0390625
6 0.17578125 0.53046875 0.036328125 0.0359375
6 0.325 0.5828125 0.02265625 0.02109375
6 0.76328125 0.5265625 0.0640625 0.04140625
6 0.73515625 0.4734375 0.042578125 0.040625
6 0.840625 0.4296875 0.040625 0.028515625
6 0.86875 0.465625 0.043359375 0.046875
6 0.93515625 0.428125 0.0296875 0.025390625
13 0.96953125 0.78125 0.04765625 0.0390625
13 0.8921875 0.89453125 0.04375 0.05390625
13 0.8296875 0.90859375 0.04140625 0.0484375
13 0.659375 0.72734375 0.040234375 0.0421875
6 0.66640625 0.7125 0.023046875 0.02578125
10 0.675 0.6953125 0.06171875 0.04921875
10 0.63671875 0.625 0.045703125 0.05546875
12 0.60703125 0.6203125 0.025 0.025
6 0.56953125 0.73359375 0.028125 0.0359375
13 0.51875 0.71015625 0.01953125 0.028125
12 0.4359375 0.6125 0.025390625 0.02421875
6 0.40625 0.4890625 0.021484375 0.021484375
10 0.421875 0.5515625 0.05703125 0.037890625
10 0.5046875 0.38671875 0.053125 0.0421875
0 0.72890625 0.7078125 0.0109375 0.01640625
0 0.7125 0.6890625 0.015625 0.01640625
0 0.78046875 0.57734375 0.0109375 0.0125
12 0.73671875 0.62109375 0.0234375 0.025
11 0.7234375 0.74296875 0.021484375 0.039453125
13 0.2765625 0.71015625 0.053125 0.028125
13 0.21015625 0.5265625 0.0296875 0.01640625
6 0.0796875 0.35703125 0.052734375 0.029296875
13 0.0640625 0.31015625 0.022265625 0.019921875
10 0.234375 0.37734375 0.07578125 0.0859375
16 0.2875 0.3640625 0.077734375 0.034765625
13 0.34140625 0.3734375 0.01875 0.018359375
13 0.3875 0.384375 0.01640625 0.0203125
11 0.95546875 0.96171875 0.038671875 0.0671875
11 0.8296875 0.54296875 0.025 0.0515625
11 0.81796875 0.553125 0.028125 0.050390625
12 0.353125 0.51328125 0.021875 0.01875
6 0.284375 0.4015625 0.01328125 0.01875
6 0.21953125 0.32578125 0.04765625 0.028125
0 0.6515625 0.42421875 0.009765625 0.0125
16 0.94140625 0.47890625 0.091796875 0.05625
6 0.61171875 0.3296875 0.0125 0.01015625
6 0.55859375 0.65859375 0.016796875 0.016796875
13 0.24375 0.265625 0.024609375 0.01953125
6 0.228125 0.2890625 0.01875 0.019140625
6 0.12109375 0.39765625 0.01875 0.01875
6 0.103125 0.38359375 0.01484375 0.0171875
10 0.77421875 0.95 0.0703125 0.1
10 0.84140625 0.97890625 0.08046875 0.04140625
6 0.984375 0.8828125 0.030859375 0.046484375
13 0.009375 0.39140625 0.01875 0.025
13 0.01640625 0.37734375 0.0328125 0.020703125
6 0.99296875 0.50859375 0.0140625 0.0171875
6 0.9578125 0.496875 0.025390625 0.01796875
6 0.9640625 0.4140625 0.018359375 0.016015625
6 0.8875 0.44140625 0.015625 0.023046875
13 0.9609375 0.8609375 0.01875 0.01875
6 0.94921875 0.88515625 0.021875 0.01640625
13 0.915625 0.7265625 0.019140625 0.01640625