11 0.8203125 0.8046875 0.03828125 0.103125
11 0.82265625 0.74765625 0.0328125 0.036328125
11 0.821875 0.65 0.03125 0.06875
12 0.7859375 0.66484375 0.034375 0.039453125
13 0.68359375 0.84921875 0.035546875 0.034375
16 0.74921875 0.8515625 0.1421875 0.12734375
3 0.14609375 0.8046875 0.046875 0.055859375
13 0.015625 0.7578125 0.025390625 0.01875
6 0.06953125 0.771875 0.069921875 0.075390625
6 0.07890625 0.9046875 0.023046875 0.033984375
13 0.34453125 0.58828125 0.0234375 0.035546875
15 0.24453125 0.71640625 0.488671875 0.469921875
13 0.26484375 0.5234375 0.033203125 0.030859375
13 0.24453125 0.8265625 0.04375 0.034375
0 0.84453125 0.6234375 0.011328125 0.012890625
0 0.85234375 0.6859375 0.01171875 0.01328125
13 0.98515625 0.678125 0.0296875 0.03671875
6 0.84140625 0.41640625 0.071875 0.05
12 0.91328125 0.37578125 0.0203125 0.023046875
13 0.9078125 0.390625 0.028515625 0.022265625
12 0.6578125 0.4 0.019140625 0.025390625
10 0.3484375 0.44921875 0.0625 0.03125
6 0.54765625 0.8234375 0.125 0.203125
6 0.4234375 0.82109375 0.100390625 0.0890625
6 0.45234375 0.45703125 0.088671875 0.121875
16 0.6203125 0.4859375 0.080859375 0.069140625
10 0.03828125 0.9171875 0.05859375 0.06953125
10 0.09375 0.86328125 0.087109375 0.055078125
6 0.93359375 0.42265625 0.0671875 0.046875
6 0.59296875 0.4078125 0.0546875 0.0375
6 0.6546875 0.43984375 0.075 0.055078125
6 0.8375 0.56015625 0.094140625 0.055078125
10 0.8890625 0.50078125 0.05 0.0671875
6 0.7609375 0.415625 0.062890625 0.043359375
6 0.7015625 0.41171875 0.0375 0.036328125
6 0.484375 0.4734375 0.05078125 0.05234375
13 0.8421875 0.475 0.02578125 0.02890625
16 0.8953125 0.134375 0.056640625 0.083984375
0 0.934375 0.47109375 0.012890625 0.016796875
0 0.46171875 0.69609375 0.014453125 0.019921875
10 0.2609375 0.78125 0.059375 0.033984375
0 0.28828125 0.765625 0.016796875 0.016015625
6 0.3765625 0.52109375 0.04921875 0.07109375
15 0.9734375 0.4765625 0.053125 0.05703125
15 0.94140625 0.6203125 0.116796875 0.225390625
15 0.91875 0.815625 0.16171875 0.17578125
15 0.7609375 0.73671875 0.091015625 0.098828125
15 0.384375 0.646875 0.124609375 0.116015625
13 0.34453125 0.8359375 0.023828125 0.025390625
15 0.63515625 0.81171875 0.110546875 0.2203125
15 0.9328125 0.20546875 0.133984375 0.115625
15 0.91484375 0.3359375 0.169921875 0.141015625
15 0.82421875 0.515625 0.0703125 0.05546875
15 0.69296875 0.35390625 0.209375 0.0859375