10 0.83359375 0.18515625 0.0234375 0.035546875
12 0.81328125 0.19765625 0.02265625 0.02890625
13 0.6 0.3046875 0.037890625 0.04375
13 0.625 0.3125 0.016015625 0.02421875
0 0.65078125 0.21015625 0.009375 0.014453125
10 0.6484375 0.2296875 0.074609375 0.071875
10 0.59765625 0.409375 0.03125 0.058984375
11 0.53359375 0.271875 0.0296875 0.06328125
13 0.50078125 0.3546875 0.039453125 0.037890625
13 0.54375 0.35625 0.012890625 0.0125
10 0.46328125 0.328125 0.055078125 0.05546875
6 0.40859375 0.31484375 0.040625 0.034375
6 0.45078125 0.31953125 0.02421875 0.02265625
6 0.390625 0.4078125 0.044140625 0.02890625
0 0.41796875 0.42421875 0.0078125 0.010546875
13 0.39296875 0.38515625 0.01015625 0.0125
13 0.4234375 0.35546875 0.015625 0.016796875
3 0.4296875 0.3984375 0.0234375 0.02890625
6 0.44296875 0.3609375 0.0265625 0.01640625
6 0.43203125 0.37578125 0.0375 0.0375
6 0.4546875 0.3921875 0.0125 0.018359375
6 0.4453125 0.453125 0.02734375 0.030859375
6 0.4078125 0.42890625 0.01640625 0.030078125
6 0.4921875 0.49140625 0.025 0.02109375
10 0.49375 0.446875 0.03203125 0.03046875
15 0.4890625 0.471875 0.025390625 0.03046875
13 0.52578125 0.475 0.019921875 0.019140625
15 0.428125 0.5796875 0.04921875 0.03984375
6 0.4046875 0.58671875 0.0125 0.014453125
12 0.3140625 0.4953125 0.015625 0.02109375
11 0.29765625 0.52734375 0.0171875 0.029296875
6 0.2765625 0.49375 0.03125 0.030859375
11 0.24765625 0.47265625 0.015625 0.034375
11 0.2453125 0.484375 0.016015625 0.03125
13 0.21484375 0.4578125 0.026171875 0.024609375
6 0.22578125 0.4390625 0.0203125 0.01796875
16 0.2359375 0.41875 0.058984375 0.03203125
11 0.19375 0.41171875 0.03046875 0.0328125
13 0.20703125 0.5375 0.01328125 0.01640625
13 0.18125 0.5296875 0.01328125 0.01640625
10 0.13125 0.471875 0.043359375 0.03203125
6 0.11875 0.55703125 0.0359375 0.021875
6 0.12890625 0.603125 0.030078125 0.0125
6 0.23359375 0.6578125 0.01875 0.01796875
6 0.2265625 0.6359375 0.03125 0.02109375
11 0.28515625 0.646875 0.011328125 0.022265625
11 0.3015625 0.65859375 0.01484375 0.0234375
6 0.325 0.5390625 0.03203125 0.02734375
6 0.340625 0.58515625 0.01953125 0.021875
6 0.3734375 0.59296875 0.022265625 0.0203125
12 0.38046875 0.6140625 0.0171875 0.015625
15 0.34140625 0.39921875 0.10234375 0.10078125
6 0.31796875 0.59296875 0.030078125 0.01875
15 0.2375 0.50234375 0.08515625 0.0640625
11 0.246875 0.7265625 0.02578125 0.01875
6 0.2328125 0.7171875 0.01953125 0.0140625
6 0.21484375 0.7171875 0.01875 0.015234375
13 0.26875 0.3828125 0.019140625 0.016015625
13 0.28046875 0.378125 0.0140625 0.01328125
13 0.3234375 0.4125 0.012890625 0.01953125
6 0.62265625 0.209375 0.030078125 0.027734375