13 0.4296875 0.66015625 0.05078125 0.04375
11 0.49765625 0.6921875 0.028125 0.06640625
10 0.534375 0.6125 0.0375 0.0390625
10 0.43984375 0.5578125 0.0296875 0.053125
3 0.60078125 0.571875 0.02265625 0.02578125
11 0.79453125 0.49765625 0.01875 0.04453125
11 0.84765625 0.56171875 0.02890625 0.028125
16 0.80390625 0.5609375 0.06328125 0.040625
10 0.62578125 0.65625 0.03828125 0.0328125
10 0.54765625 0.50078125 0.0265625 0.03046875
10 0.64453125 0.5640625 0.0453125 0.02578125
12 0.7296875 0.48046875 0.0171875 0.01796875
11 0.73984375 0.31640625 0.0125 0.02109375
11 0.7546875 0.3265625 0.0140625 0.02578125
11 0.74375 0.4453125 0.01484375 0.0234375
10 0.72890625 0.7578125 0.0484375 0.05
10 0.3875 0.73046875 0.0625 0.071875
0 0.38828125 0.75078125 0.01015625 0.0140625
12 0.2328125 0.753125 0.021875 0.02734375