13 0.0421875 0.7828125 0.0515625 0.05
11 0.0234375 0.8765625 0.0453125 0.0484375
3 0.2390625 0.76875 0.015625 0.034375
13 0.17265625 0.775 0.039453125 0.04375
13 0.35546875 0.75625 0.0515625 0.034765625
12 0.515625 0.66875 0.012890625 0.01953125
11 0.565625 0.6453125 0.01796875 0.03203125
13 0.70234375 0.6625 0.02109375 0.0203125
10 0.7140625 0.715625 0.046875 0.050390625
11 0.5859375 0.73125 0.019140625 0.037890625
11 0.58828125 0.715625 0.017578125 0.030859375
13 0.61328125 0.76640625 0.0265625 0.030078125
16 0.46640625 0.57421875 0.048828125 0.014453125
6 0.40390625 0.7703125 0.060546875 0.124609375
13 0.57578125 0.54921875 0.0359375 0.023828125
13 0.6015625 0.53203125 0.015625 0.0140625
11 0.69921875 0.50859375 0.014453125 0.03125
11 0.69921875 0.48984375 0.013671875 0.017578125
13 0.78515625 0.5203125 0.035546875 0.02734375
11 0.86640625 0.409375 0.01875 0.025390625
10 0.871875 0.540625 0.044140625 0.01953125
10 0.9734375 0.465625 0.053125 0.034375
10 0.78359375 0.4328125 0.0265625 0.015625
13 0.66953125 0.46015625 0.026171875 0.023046875
15 0.62265625 0.69921875 0.1109375 0.094921875
15 0.44609375 0.60625 0.06875 0.0625
10 0.21015625 0.8171875 0.05625 0.0546875
13 0.1171875 0.7671875 0.015234375 0.0125
11 0.7921875 0.6203125 0.01328125 0.02421875
16 0.509375 0.7703125 0.072265625 0.06484375
13 0.48515625 0.77734375 0.0125 0.013671875
12 0.4609375 0.53984375 0.01015625 0.014453125
13 0.459375 0.559375 0.030859375 0.025390625
13 0.5 0.53203125 0.024609375 0.016796875
13 0.54296875 0.5671875 0.026171875 0.028125
10 0.5828125 0.57734375 0.0375 0.02890625
13 0.55703125 0.6828125 0.0296875 0.044140625
12 0.584375 0.63984375 0.01171875 0.025
10 0.546875 0.60546875 0.04921875 0.023046875
13 0.89765625 0.6046875 0.039453125 0.028125