12 0.76328125 0.2125 0.023046875 0.02421875
12 0.6796875 0.32109375 0.02109375 0.014453125
6 0.92421875 0.2734375 0.0671875 0.056640625
16 0.61484375 0.475 0.07109375 0.03125
13 0.55078125 0.51796875 0.046875 0.025
10 0.83984375 0.446875 0.054296875 0.033984375
10 0.57421875 0.46484375 0.055078125 0.08125
11 0.06015625 0.553125 0.03359375 0.03203125
11 0.1234375 0.58671875 0.024609375 0.034375
11 0.2171875 0.45 0.053125 0.028515625
11 0.246875 0.42890625 0.037890625 0.036328125
13 0.45546875 0.49296875 0.025 0.02578125
13 0.66796875 0.46328125 0.014453125 0.010546875
10 0.86328125 0.1640625 0.0609375 0.034765625
10 0.9765625 0.1765625 0.046484375 0.047265625
13 0.3484375 0.4609375 0.02109375 0.02109375