13 0.93203125 0.3046875 0.06875 0.075390625
6 0.4625 0.1734375 0.105859375 0.091015625
6 0.55078125 0.2390625 0.0453125 0.06953125
13 0.54140625 0.16875 0.028125 0.034765625
13 0.80546875 0.25078125 0.069921875 0.076171875
13 0.86015625 0.26953125 0.023828125 0.0171875
13 0.98125 0.3 0.034765625 0.031640625
6 0.84453125 0.1328125 0.032421875 0.024609375
10 0.83984375 0.10625 0.0734375 0.078515625
3 0.73671875 0.2109375 0.045703125 0.059375
10 0.74765625 0.14296875 0.151171875 0.0953125
6 0.6734375 0.14140625 0.04140625 0.0484375
6 0.696875 0.1984375 0.09375 0.078125
13 0.63515625 0.1859375 0.053125 0.046484375
10 0.6203125 0.228125 0.0609375 0.03203125
6 0.709375 0.3625 0.034375 0.034765625
13 0.78359375 0.540625 0.025 0.025390625
6 0.74375 0.5421875 0.028125 0.018359375
0 0.61328125 0.3 0.015625 0.018359375
0 0.5921875 0.24296875 0.015625 0.0203125
13 0.6125 0.48203125 0.03828125 0.036328125
10 0.64296875 0.3984375 0.0625 0.050390625
6 0.54453125 0.496875 0.051953125 0.040234375
16 0.25234375 0.49921875 0.083203125 0.0578125
6 0.31640625 0.4859375 0.036328125 0.053125
13 0.1734375 0.571875 0.03671875 0.040625
6 0.21953125 0.5453125 0.08125 0.06015625
13 0.20625 0.496875 0.03046875 0.03515625
6 0.28515625 0.5796875 0.0578125 0.046484375
12 0.21875 0.5828125 0.021875 0.027734375
6 0.146875 0.6578125 0.022265625 0.024609375
6 0.1203125 0.65078125 0.021484375 0.0234375
11 0.05625 0.32734375 0.03515625 0.06640625
11 0.05390625 0.18125 0.044921875 0.075
11 0.05234375 0.21171875 0.039453125 0.0640625
12 0.1046875 0.3109375 0.03515625 0.04453125
13 0.11015625 0.33515625 0.026171875 0.0234375
0 0.034375 0.28125 0.012890625 0.01953125
0 0.03125 0.3453125 0.0140625 0.01875
0 0.0984375 0.39375 0.015625 0.022265625
6 0.04375 0.4125 0.0875 0.053125
6 0.02734375 0.49609375 0.03125 0.0328125
6 0.03125 0.55703125 0.062109375 0.059375
6 0.11171875 0.565625 0.0734375 0.04609375
13 0.20390625 0.12578125 0.042578125 0.042578125
6 0.053125 0.0625 0.015234375 0.027734375
16 0.12890625 0.125 0.1515625 0.155859375
6 0.0203125 0.63125 0.03828125 0.03671875
6 0.10546875 0.60390625 0.025 0.0265625
13 0.1375 0.61015625 0.03125 0.026953125
13 0.14453125 0.590625 0.0375 0.025
6 0.23671875 0.60625 0.02421875 0.02265625
6 0.30390625 0.67421875 0.023046875 0.0234375
6 0.25703125 0.6703125 0.0421875 0.025
6 0.271875 0.6109375 0.037109375 0.03125
6 0.39375 0.52109375 0.053125 0.055078125
10 0.50234375 0.44609375 0.04140625 0.0484375
13 0.53515625 0.41328125 0.020703125 0.035546875
6 0.56953125 0.34453125 0.05703125 0.0734375
6 0.72890625 0.26328125 0.0609375 0.04375
6 0.70078125 0.2546875 0.048046875 0.028125
6 0.8046875 0.12109375 0.02109375 0.0375
6 0.69296875 0.38671875 0.03984375 0.04609375
15 0.490625 0.37421875 0.12421875 0.1203125
0 0.4265625 0.30078125 0.015625 0.025
13 0.290625 0.1296875 0.02421875 0.04765625
13 0.36328125 0.24296875 0.0203125 0.026953125
13 0.3625 0.29296875 0.022265625 0.0234375
13 0.26875 0.23046875 0.0296875 0.0328125
15 0.340625 0.1609375 0.121484375 0.20390625
15 0.5875 0.4390625 0.059375 0.0703125
6 0.5609375 0.41796875 0.018359375 0.03125
6 0.5796875 0.4 0.053125 0.0375
6 0.5890625 0.39140625 0.0140625 0.01796875
6 0.59375 0.28359375 0.03203125 0.0359375
6 0.62890625 0.26328125 0.08203125 0.04609375
6 0.6375 0.24765625 0.021484375 0.032421875