11 0.49453125 0.63203125 0.036328125 0.0546875
3 0.59765625 0.61015625 0.051953125 0.035546875
1 0.59765625 0.55078125 0.026953125 0.019921875
11 0.34453125 0.56796875 0.0484375 0.0296875
0 0.6671875 0.56953125 0.018359375 0.009375
11 0.540625 0.48125 0.025390625 0.025390625
11 0.51171875 0.4859375 0.025 0.0359375
3 0.54375 0.5 0.04375 0.02421875
11 0.46796875 0.48359375 0.0546875 0.0328125
15 0.48984375 0.46640625 0.05 0.0265625
11 0.44765625 0.46875 0.060546875 0.03046875
15 0.39921875 0.46796875 0.046875 0.0140625
11 0.334375 0.46796875 0.028125 0.028125
15 0.2921875 0.6109375 0.044140625 0.025390625
13 0.221875 0.53125 0.058984375 0.034765625
15 0.0859375 0.4109375 0.031640625 0.015234375
11 0.4296875 0.3078125 0.028125 0.0125
15 0.22421875 0.2609375 0.0140625 0.009765625
15 0.209375 0.290625 0.025390625 0.012109375
11 0.565625 0.35234375 0.040625 0.021875
11 0.60625 0.3140625 0.040234375 0.01015625
11 0.66328125 0.31640625 0.039453125 0.0140625
11 0.72734375 0.28828125 0.0203125 0.011328125
3 0.84453125 0.37265625 0.020703125 0.0140625
1 0.7875 0.30078125 0.016015625 0.0125
1 0.7859375 0.31171875 0.02734375 0.009375
11 0.62734375 0.26015625 0.0265625 0.0109375
11 0.771875 0.275 0.028125 0.012109375
16 0.57578125 0.265625 0.044921875 0.00703125
16 0.91640625 0.275 0.04921875 0.0140625
16 0.94921875 0.39140625 0.064453125 0.008203125
16 0.7796875 0.3796875 0.184765625 0.016015625
15 0.83046875 0.33515625 0.034375 0.009375
3 0.6359375 0.26953125 0.019140625 0.011328125
11 0.55625 0.346875 0.03203125 0.0125
15 0.4515625 0.2859375 0.015234375 0.006640625
0 0.1734375 0.36640625 0.0109375 0.00703125
11 0.68046875 0.196875 0.030078125 0.012109375
11 0.62890625 0.20390625 0.023828125 0.008203125
1 0.58515625 0.20078125 0.01796875 0.00703125
11 0.42578125 0.19296875 0.019921875 0.0078125
11 0.1453125 0.17578125 0.034375 0.0125
11 0.046875 0.1546875 0.015234375 0.00859375
0 0.45 0.80390625 0.024609375 0.015625
10 0.6703125 0.57734375 0.10234375 0.04921875
15 0.98125 0.59375 0.0375 0.03671875
15 0.92734375 0.53671875 0.044921875 0.016796875
11 0.57421875 0.65 0.13046875 0.04140625
11 0.634375 0.66953125 0.03125 0.05234375
0 0.359375 0.60625 0.009765625 0.00703125
0 0.45859375 0.6234375 0.015625 0.01015625
15 0.18984375 0.553125 0.03125 0.01328125
16 0.17421875 0.5296875 0.0296875 0.009765625
15 0.35546875 0.3046875 0.015625 0.012109375
15 0.48046875 0.31484375 0.06015625 0.0203125
15 0.39140625 0.28828125 0.158203125 0.033203125
16 0.2828125 0.31953125 0.03125 0.007421875
11 0.9265625 0.196875 0.03515625 0.0125
11 0.74140625 0.2015625 0.0140625 0.009375
3 0.1671875 0.19765625 0.0125 0.0109375