11 0.37265625 0.4515625 0.048828125 0.018359375
11 0.50625 0.3984375 0.053125 0.015625
1 0.26484375 0.3765625 0.0125 0.009765625
11 0.9546875 0.44140625 0.0375 0.014453125
13 0.75078125 0.68515625 0.029296875 0.019921875
16 0.85390625 0.3640625 0.0515625 0.00859375
11 0.75234375 0.2828125 0.023046875 0.00859375
11 0.81875 0.27265625 0.01796875 0.005078125
11 0.29609375 0.31796875 0.026953125 0.007421875
10 0.34921875 0.50546875 0.096875 0.0296875
0 0.60703125 0.89453125 0.023046875 0.013671875
16 0.61171875 0.90234375 0.08125 0.032421875
16 0.2734375 0.959375 0.040625 0.03671875