11 0.40546875 0.79921875 0.032421875 0.0109375
11 0.45234375 0.79375 0.020703125 0.008984375
1 0.48046875 0.79609375 0.01484375 0.0078125
11 0.35859375 0.79609375 0.017578125 0.008203125
11 0.59921875 0.80078125 0.0171875 0.00625
15 0.321875 0.79609375 0.021875 0.0109375
11 0.803125 0.79453125 0.01171875 0.009375
11 0.79921875 0.81171875 0.028125 0.010546875
11 0.84453125 0.82890625 0.01328125 0.00625
12 0.88515625 0.80703125 0.009375 0.00625
11 0.73046875 0.71640625 0.028125 0.0109375
11 0.9578125 0.73359375 0.02109375 0.014453125
15 0.7703125 0.746875 0.01015625 0.00703125
15 0.85 0.7265625 0.021875 0.00703125
11 0.53203125 0.7125 0.029296875 0.01171875
11 0.57421875 0.71171875 0.030078125 0.009375
13 0.4921875 0.67578125 0.02890625 0.01015625
16 0.53515625 0.74375 0.0375 0.00546875
16 0.53359375 0.67109375 0.116796875 0.0125
11 0.62421875 0.678125 0.053125 0.018359375
1 0.4234375 0.721875 0.012109375 0.009375
11 0.39140625 0.73828125 0.023828125 0.0078125
11 0.44296875 0.73046875 0.013671875 0.0109375
11 0.46953125 0.75 0.013671875 0.008984375
15 0.4703125 0.74296875 0.009375 0.009375
16 0.2796875 0.734375 0.040625 0.009375
15 0.42109375 0.70546875 0.023828125 0.008203125
15 0.4109375 0.7171875 0.018359375 0.00625
16 0.4453125 0.66328125 0.040234375 0.00625
16 0.31015625 0.67734375 0.02421875 0.015625
11 0.4125 0.5296875 0.05 0.0296875
12 0.43515625 0.56875 0.023046875 0.0125
11 0.55234375 0.55859375 0.073828125 0.01875
11 0.59140625 0.54375 0.0765625 0.028125
11 0.57421875 0.4703125 0.0734375 0.019140625
11 0.47890625 0.4703125 0.067578125 0.030859375
11 0.49921875 0.44765625 0.044921875 0.04375
11 0.5359375 0.44609375 0.0296875 0.04140625
11 0.56796875 0.44296875 0.041796875 0.0421875
15 0.64296875 0.42578125 0.0625 0.04375
3 0.85234375 0.54921875 0.039453125 0.017578125
13 0.9828125 0.59296875 0.033984375 0.0234375
11 0.93203125 0.55078125 0.054296875 0.023046875
11 0.90546875 0.54140625 0.0890625 0.021875
11 0.88203125 0.53203125 0.028125 0.023046875
11 0.9546875 0.62890625 0.02265625 0.021875
11 0.75390625 0.6140625 0.03046875 0.0171875
11 0.85234375 0.61328125 0.05 0.019921875
11 0.8546875 0.61953125 0.05859375 0.01875
11 0.77578125 0.6109375 0.030078125 0.021484375
3 0.7640625 0.6015625 0.0375 0.01484375
16 0.48359375 0.54375 0.0203125 0.018359375
13 0.28671875 0.36640625 0.117578125 0.0296875
11 0.353125 0.4328125 0.09453125 0.03984375
11 0.18359375 0.27578125 0.11015625 0.05390625
6 0.35 0.3078125 0.05 0.028125
0 0.253125 0.63671875 0.00703125 0.0046875
15 0.046875 0.6546875 0.027734375 0.01484375
6 0.14296875 0.65 0.0328125 0.008984375
15 0.140625 0.64453125 0.0203125 0.0078125
15 0.67109375 0.7296875 0.01015625 0.00546875
15 0.7015625 0.65703125 0.02109375 0.0078125
15 0.48671875 0.7359375 0.023046875 0.00859375
15 0.46171875 0.7453125 0.0109375 0.0078125
6 0.2453125 0.403125 0.037890625 0.01953125
11 0.18984375 0.80234375 0.028125 0.0109375
11 0.03046875 0.79375 0.015625 0.0125
11 0.509375 0.2171875 0.11875 0.0875
0 0.9125 0.17109375 0.021875 0.01875
6 0.57578125 0.1015625 0.03125 0.037109375