11 0.50546875 0.63203125 0.036328125 0.0546875
3 0.40234375 0.61015625 0.051953125 0.035546875
1 0.40234375 0.55078125 0.026953125 0.019921875
11 0.65546875 0.56796875 0.0484375 0.0296875
0 0.3328125 0.56953125 0.018359375 0.009375
11 0.459375 0.48125 0.02578125 0.02578125
11 0.48828125 0.4859375 0.025 0.03515625
3 0.45625 0.5 0.04375 0.02421875
11 0.53203125 0.48359375 0.0546875 0.0328125
15 0.51015625 0.46640625 0.05 0.0265625
11 0.55234375 0.46875 0.060546875 0.03046875
15 0.60078125 0.46796875 0.046875 0.0140625
11 0.665625 0.46796875 0.028125 0.028125
15 0.7078125 0.6109375 0.044140625 0.025390625
13 0.778125 0.53125 0.058984375 0.034765625
15 0.9140625 0.4109375 0.03203125 0.01484375
11 0.5703125 0.3078125 0.028125 0.0125
15 0.77578125 0.2609375 0.0140625 0.01015625
15 0.790625 0.290625 0.025390625 0.012109375
11 0.434375 0.35234375 0.040625 0.021875
11 0.39375 0.3140625 0.040234375 0.01015625
11 0.33671875 0.31640625 0.03984375 0.0140625
11 0.27265625 0.28828125 0.0203125 0.011328125
3 0.15546875 0.37265625 0.020703125 0.0140625
1 0.2125 0.30078125 0.016015625 0.0125
1 0.2140625 0.31171875 0.02734375 0.009375
11 0.37265625 0.26015625 0.0265625 0.0109375
11 0.228125 0.275 0.028125 0.012109375
16 0.42421875 0.265625 0.044921875 0.00703125
16 0.08359375 0.275 0.048828125 0.01328125
16 0.05078125 0.39140625 0.064453125 0.008203125
16 0.2203125 0.3796875 0.184765625 0.016015625
15 0.16953125 0.33515625 0.034375 0.009375
3 0.3640625 0.26953125 0.019140625 0.011328125
11 0.44375 0.346875 0.03203125 0.0125
15 0.5484375 0.2859375 0.015234375 0.006640625
0 0.8265625 0.36640625 0.01015625 0.007421875
11 0.31953125 0.196875 0.030078125 0.012109375
11 0.37109375 0.20390625 0.023828125 0.008203125
1 0.41484375 0.20078125 0.017578125 0.007421875
11 0.57421875 0.19296875 0.01953125 0.0078125
11 0.8546875 0.17578125 0.034375 0.0125
11 0.953125 0.1546875 0.015234375 0.00859375
0 0.55 0.80390625 0.024609375 0.015625
10 0.3296875 0.57734375 0.10234375 0.04921875
15 0.01875 0.59375 0.0375 0.03671875
15 0.07265625 0.53671875 0.044921875 0.016796875
11 0.42578125 0.65 0.130078125 0.041015625
11 0.365625 0.66953125 0.03125 0.05234375
0 0.640625 0.60625 0.01015625 0.0078125
0 0.54140625 0.6234375 0.015625 0.009765625
15 0.81015625 0.553125 0.03125 0.01328125
16 0.82578125 0.5296875 0.0296875 0.01015625
15 0.64453125 0.3046875 0.015625 0.012109375
15 0.51953125 0.31484375 0.060546875 0.0203125
15 0.60859375 0.28828125 0.158203125 0.033203125
16 0.7171875 0.31953125 0.03125 0.007421875
11 0.0734375 0.196875 0.03515625 0.0125
11 0.25859375 0.2015625 0.0140625 0.009375
3 0.8328125 0.19765625 0.0125 0.0109375