11 0.40546875 0.20078125 0.032421875 0.0109375
11 0.45234375 0.20625 0.020703125 0.008984375
1 0.48046875 0.20390625 0.014453125 0.0078125
11 0.35859375 0.20390625 0.017578125 0.008203125
11 0.59921875 0.19921875 0.0171875 0.00625
15 0.321875 0.20390625 0.021875 0.0109375
11 0.803125 0.20546875 0.01171875 0.009375
11 0.79921875 0.18828125 0.028125 0.010546875
11 0.84453125 0.17109375 0.013671875 0.00625
12 0.88515625 0.19296875 0.009375 0.00625
11 0.73046875 0.28359375 0.028125 0.0109375
11 0.9578125 0.26640625 0.02109375 0.014453125
15 0.7703125 0.253125 0.01015625 0.00703125
15 0.85 0.2734375 0.021875 0.006640625
11 0.53203125 0.2875 0.029296875 0.01171875
11 0.57421875 0.28828125 0.030078125 0.009375
13 0.4921875 0.32421875 0.028515625 0.010546875
16 0.53515625 0.25625 0.0375 0.00546875
16 0.53359375 0.32890625 0.116796875 0.0125
11 0.62421875 0.321875 0.053125 0.01796875
1 0.4234375 0.278125 0.012109375 0.009375
11 0.39140625 0.26171875 0.023828125 0.0078125
11 0.44296875 0.26953125 0.013671875 0.0109375
11 0.46953125 0.25 0.01328125 0.00859375
15 0.4703125 0.25703125 0.009375 0.009375
16 0.2796875 0.265625 0.040625 0.009375
15 0.42109375 0.29453125 0.023828125 0.008203125
15 0.4109375 0.2828125 0.018359375 0.00625
16 0.4453125 0.33671875 0.040234375 0.00625
16 0.31015625 0.32265625 0.023828125 0.015625
11 0.4125 0.4703125 0.05 0.02890625
12 0.43515625 0.43125 0.023046875 0.0125
11 0.55234375 0.44140625 0.073828125 0.01875
11 0.59140625 0.45625 0.0765625 0.028125
11 0.57421875 0.5296875 0.0734375 0.019140625
11 0.47890625 0.5296875 0.06796875 0.03046875
11 0.49921875 0.55234375 0.044921875 0.04375
11 0.5359375 0.55390625 0.02890625 0.041796875
11 0.56796875 0.55703125 0.041796875 0.0421875
15 0.64296875 0.57421875 0.0625 0.04375
3 0.85234375 0.45078125 0.039453125 0.017578125
13 0.9828125 0.40703125 0.033984375 0.0234375
11 0.93203125 0.44921875 0.054296875 0.023046875
11 0.90546875 0.45859375 0.0890625 0.021875
11 0.88203125 0.46796875 0.028125 0.023046875
11 0.9546875 0.37109375 0.022265625 0.021875
11 0.75390625 0.3859375 0.030078125 0.01640625
11 0.85234375 0.38671875 0.05 0.01953125
11 0.8546875 0.38046875 0.058984375 0.01875
11 0.77578125 0.3890625 0.030078125 0.021484375
3 0.7640625 0.3984375 0.0375 0.0140625
16 0.48359375 0.45625 0.0203125 0.018359375
13 0.28671875 0.63359375 0.11796875 0.0296875
11 0.353125 0.5671875 0.09453125 0.03984375
11 0.18359375 0.72421875 0.110546875 0.054296875
6 0.35 0.6921875 0.05 0.028125
0 0.253125 0.36328125 0.00703125 0.0046875
15 0.046875 0.3453125 0.027734375 0.01484375
6 0.14296875 0.35 0.0328125 0.008984375
15 0.140625 0.35546875 0.0203125 0.0078125
15 0.67109375 0.2703125 0.010546875 0.005859375
15 0.7015625 0.34296875 0.02109375 0.0078125
15 0.48671875 0.2640625 0.023046875 0.00859375
15 0.46171875 0.2546875 0.0109375 0.00859375
6 0.2453125 0.596875 0.037890625 0.01953125
11 0.18984375 0.19765625 0.028125 0.0109375
11 0.03046875 0.20625 0.015625 0.0125
11 0.509375 0.7828125 0.11875 0.0875
0 0.9125 0.82890625 0.021875 0.01875
6 0.57578125 0.8984375 0.03125 0.037109375