11 0.62734375 0.4515625 0.04921875 0.01796875
11 0.49375 0.3984375 0.053125 0.015625
1 0.73515625 0.3765625 0.0125 0.01015625
11 0.0453125 0.44140625 0.0375 0.01484375
13 0.24921875 0.68515625 0.02890625 0.01953125
16 0.14609375 0.3640625 0.0515625 0.0078125
11 0.24765625 0.2828125 0.02265625 0.0078125
11 0.18125 0.27265625 0.0171875 0.00546875
11 0.70390625 0.31796875 0.02734375 0.00703125
10 0.65078125 0.50546875 0.096875 0.0296875
0 0.39296875 0.89453125 0.02265625 0.01328125
16 0.38828125 0.90234375 0.08125 0.03203125
16 0.7265625 0.959375 0.040625 0.03671875