11 0.37265625 0.5484375 0.04921875 0.01796875
11 0.50625 0.6015625 0.053125 0.015625
1 0.26484375 0.6234375 0.0125 0.009765625
11 0.9546875 0.55859375 0.0375 0.014453125
13 0.75078125 0.31484375 0.02890625 0.01953125
16 0.85390625 0.6359375 0.0515625 0.00859375
11 0.75234375 0.7171875 0.023046875 0.00859375
11 0.81875 0.72734375 0.0171875 0.00546875
11 0.29609375 0.68203125 0.026953125 0.007421875
10 0.34921875 0.49453125 0.096875 0.0296875
0 0.60703125 0.10546875 0.02265625 0.01328125
16 0.61171875 0.09765625 0.08125 0.032421875
16 0.2734375 0.040625 0.040625 0.037109375