15 0.6703125 0.37890625 0.044140625 0.038671875
11 0.6265625 0.3984375 0.01953125 0.02109375
3 0.8859375 0.446875 0.02109375 0.018359375
16 0.675 0.16875 0.01875 0.024609375
15 0.80390625 0.14453125 0.020703125 0.021875
13 0.77734375 0.48046875 0.03125 0.01875
13 0.87890625 0.37109375 0.021875 0.026171875
10 0.6890625 0.70078125 0.05 0.070703125
10 0.81640625 0.61015625 0.0453125 0.051171875
16 0.73203125 0.5890625 0.105078125 0.022265625
16 0.690625 0.62578125 0.01328125 0.07421875
16 0.74140625 0.6515625 0.1140625 0.021875
11 0.7578125 0.62578125 0.02265625 0.016796875
16 0.7390625 0.65859375 0.02109375 0.13984375
16 0.7515625 0.6203125 0.0171875 0.05859375
10 0.79375 0.51328125 0.05 0.032421875
10 0.8046875 0.32890625 0.031640625 0.026953125
11 0.66875 0.75625 0.015234375 0.01953125
10 0.77265625 0.8640625 0.054296875 0.06015625
15 0.675 0.81484375 0.027734375 0.085546875
11 0.53984375 0.609375 0.029296875 0.01953125
10 0.8625 0.3125 0.015625 0.019140625
16 0.8375 0.3109375 0.025 0.021875
6 0.73046875 0.30234375 0.013671875 0.013671875
6 0.6875 0.24765625 0.012109375 0.0140625
6 0.740625 0.290625 0.009375 0.0125
6 0.6859375 0.26171875 0.00859375 0.01171875
10 0.2078125 0.95703125 0.0234375 0.05234375
11 0.2578125 0.86171875 0.0140625 0.02265625
15 0.278125 0.8515625 0.01796875 0.030859375
16 0.278125 0.284375 0.13203125 0.04453125
11 0.17890625 0.2453125 0.01875 0.022265625
11 0.11171875 0.26796875 0.0375 0.02421875
1 0.13828125 0.24140625 0.008203125 0.0140625
11 0.096875 0.22421875 0.008984375 0.014453125
11 0.1015625 0.3484375 0.021875 0.034375
11 0.09140625 0.33046875 0.01875 0.014453125
11 0.0578125 0.434375 0.02890625 0.04375
1 0.1921875 0.24609375 0.009765625 0.0140625
1 0.18515625 0.2515625 0.009375 0.009765625
1 0.1859375 0.25859375 0.02109375 0.02265625
6 0.271875 0.36640625 0.0296875 0.0265625
11 0.1734375 0.66875 0.01015625 0.019140625
11 0.18203125 0.6515625 0.0140625 0.021875
11 0.15546875 0.6375 0.0203125 0.01875
11 0.08671875 0.04453125 0.0234375 0.015625
11 0.0921875 0.03359375 0.0125 0.0140625
1 0.06875 0.17421875 0.01015625 0.0140625
11 0.15390625 0.32890625 0.015625 0.0125
11 0.0859375 0.3453125 0.0109375 0.01796875
15 0.08125 0.3625 0.0125 0.012109375
16 0.05859375 0.53671875 0.05 0.1078125
11 0.0828125 0.96484375 0.02109375 0.0234375
15 0.81328125 0.44921875 0.1125 0.0921875
15 0.85625 0.36875 0.09375 0.15625
15 0.9578125 0.16796875 0.075390625 0.138671875
11 0.89140625 0.6578125 0.0203125 0.02578125
10 0.8484375 0.6890625 0.030859375 0.043359375
10 0.8046875 0.68828125 0.046484375 0.044921875
10 0.85 0.72578125 0.01953125 0.032421875