15 0.3296875 0.62109375 0.044140625 0.038671875
11 0.3734375 0.6015625 0.019140625 0.021484375
3 0.1140625 0.553125 0.02109375 0.018359375
16 0.325 0.83125 0.01875 0.024609375
15 0.19609375 0.85546875 0.020703125 0.021875
13 0.22265625 0.51953125 0.03125 0.01875
13 0.12109375 0.62890625 0.021875 0.026171875
10 0.3109375 0.29921875 0.05 0.07109375
10 0.18359375 0.38984375 0.0453125 0.051171875
16 0.26796875 0.4109375 0.105078125 0.022265625
16 0.309375 0.37421875 0.012890625 0.073828125
16 0.25859375 0.3484375 0.1140625 0.021875
11 0.2421875 0.37421875 0.02265625 0.016796875
16 0.2609375 0.34140625 0.021484375 0.139453125
16 0.2484375 0.3796875 0.01640625 0.058984375
10 0.20625 0.48671875 0.05 0.032421875
10 0.1953125 0.67109375 0.031640625 0.026953125
11 0.33125 0.24375 0.015234375 0.01953125
10 0.22734375 0.1359375 0.054296875 0.06015625
15 0.325 0.18515625 0.027734375 0.085546875
11 0.46015625 0.390625 0.02890625 0.0203125
10 0.1375 0.6875 0.015625 0.019140625
16 0.1625 0.6890625 0.025 0.021875
6 0.26953125 0.69765625 0.01328125 0.01328125
6 0.3125 0.75234375 0.012109375 0.0140625
6 0.259375 0.709375 0.009375 0.0125
6 0.3140625 0.73828125 0.008984375 0.011328125
10 0.7921875 0.04296875 0.02265625 0.051953125
11 0.7421875 0.13828125 0.01484375 0.023046875
15 0.721875 0.1484375 0.01796875 0.030859375
16 0.721875 0.715625 0.13203125 0.04453125
11 0.82109375 0.7546875 0.01875 0.02265625
11 0.88828125 0.73203125 0.0375 0.023828125
1 0.86171875 0.75859375 0.008203125 0.0140625
11 0.903125 0.77578125 0.008984375 0.014453125
11 0.8984375 0.6515625 0.021875 0.034375
11 0.90859375 0.66953125 0.01875 0.014453125
11 0.9421875 0.565625 0.0296875 0.04375
1 0.8078125 0.75390625 0.01015625 0.0140625
1 0.81484375 0.7484375 0.009375 0.009765625
1 0.8140625 0.74140625 0.021484375 0.023046875
6 0.728125 0.63359375 0.03046875 0.0265625
11 0.8265625 0.33125 0.01015625 0.019140625
11 0.81796875 0.3484375 0.0140625 0.021875
11 0.84453125 0.3625 0.0203125 0.01875
11 0.91328125 0.95546875 0.0234375 0.015625
11 0.9078125 0.96640625 0.0125 0.0140625
1 0.93125 0.82578125 0.009765625 0.0140625
11 0.84609375 0.67109375 0.015625 0.0125
11 0.9140625 0.6546875 0.01015625 0.018359375
15 0.91875 0.6375 0.0125 0.01171875
16 0.94140625 0.46328125 0.05 0.1078125
11 0.9171875 0.03515625 0.02109375 0.0234375
15 0.18671875 0.55078125 0.1125 0.0921875
15 0.14375 0.63125 0.09375 0.15625
15 0.0421875 0.83203125 0.075390625 0.138671875
11 0.10859375 0.3421875 0.0203125 0.025390625
10 0.1515625 0.3109375 0.030859375 0.043359375
10 0.1953125 0.31171875 0.046484375 0.044921875
10 0.15 0.27421875 0.0203125 0.03203125