15 0.3296875 0.37890625 0.04453125 0.03828125
11 0.3734375 0.3984375 0.01953125 0.02109375
3 0.1140625 0.446875 0.0203125 0.01796875
16 0.325 0.16875 0.01875 0.02421875
15 0.19609375 0.14453125 0.02109375 0.021875
13 0.22265625 0.48046875 0.03125 0.01875
13 0.12109375 0.37109375 0.021875 0.02578125
10 0.3109375 0.70078125 0.05 0.07109375
10 0.18359375 0.61015625 0.0453125 0.05078125
16 0.26796875 0.5890625 0.10546875 0.02265625
16 0.309375 0.62578125 0.01328125 0.07421875
16 0.25859375 0.6515625 0.1140625 0.021875
11 0.2421875 0.62578125 0.0234375 0.01640625
16 0.2609375 0.65859375 0.02109375 0.13984375
16 0.2484375 0.6203125 0.0171875 0.05859375
10 0.20625 0.51328125 0.05 0.03203125
10 0.1953125 0.32890625 0.03203125 0.02734375
11 0.33125 0.75625 0.01484375 0.0203125
10 0.22734375 0.8640625 0.05390625 0.0609375
15 0.325 0.81484375 0.02734375 0.08515625
11 0.46015625 0.609375 0.02890625 0.0203125
10 0.1375 0.3125 0.015625 0.01953125
16 0.1625 0.3109375 0.025 0.021875
6 0.26953125 0.30234375 0.01328125 0.01328125
6 0.3125 0.24765625 0.01171875 0.0140625
6 0.259375 0.290625 0.009375 0.0125
6 0.3140625 0.26171875 0.00859375 0.01171875
10 0.7921875 0.95703125 0.0234375 0.05234375
11 0.7421875 0.86171875 0.0140625 0.02265625
15 0.721875 0.8515625 0.0171875 0.03046875
16 0.721875 0.284375 0.1328125 0.0453125
11 0.82109375 0.2453125 0.01875 0.02265625
11 0.88828125 0.26796875 0.0375 0.02421875
1 0.86171875 0.24140625 0.00859375 0.0140625
11 0.903125 0.22421875 0.00859375 0.01484375
11 0.8984375 0.3484375 0.021875 0.034375
11 0.90859375 0.33046875 0.01875 0.01484375
11 0.9421875 0.434375 0.0296875 0.04375
1 0.8078125 0.24609375 0.01015625 0.0140625
1 0.81484375 0.2515625 0.009375 0.01015625
1 0.8140625 0.25859375 0.02109375 0.02265625
6 0.728125 0.36640625 0.0296875 0.0265625
11 0.8265625 0.66875 0.0109375 0.01953125
11 0.81796875 0.6515625 0.0140625 0.021875
11 0.84453125 0.6375 0.0203125 0.01875
11 0.91328125 0.04453125 0.0234375 0.015625
11 0.9078125 0.03359375 0.0125 0.0140625
1 0.93125 0.17421875 0.01015625 0.0140625
11 0.84609375 0.32890625 0.015625 0.0125
11 0.9140625 0.3453125 0.0109375 0.01796875
15 0.91875 0.3625 0.0125 0.01171875
16 0.94140625 0.53671875 0.05 0.1078125
11 0.9171875 0.96484375 0.0203125 0.0234375
15 0.18671875 0.44921875 0.1125 0.0921875
15 0.14375 0.36875 0.09375 0.15625
15 0.0421875 0.16796875 0.07578125 0.13828125
11 0.10859375 0.6578125 0.0203125 0.02578125
10 0.1515625 0.6890625 0.03046875 0.04296875
10 0.1953125 0.68828125 0.04609375 0.04453125
10 0.15 0.72578125 0.0203125 0.03203125