15 0.2828125 0.47734375 0.35625 0.123046875
11 0.3109375 0.4375 0.028515625 0.016015625
11 0.33203125 0.43671875 0.016796875 0.0125
11 0.41640625 0.47421875 0.0109375 0.01328125
11 0.36328125 0.48515625 0.014453125 0.0109375
16 0.559375 0.44296875 0.040234375 0.015625
11 0.5078125 0.42421875 0.01953125 0.01484375
11 0.58984375 0.396875 0.0234375 0.0203125
11 0.56953125 0.40234375 0.019921875 0.013671875
16 0.6546875 0.3703125 0.05859375 0.03125
11 0.71484375 0.40234375 0.023828125 0.0203125
11 0.690625 0.38125 0.02109375 0.0265625
11 0.66484375 0.37734375 0.036328125 0.011328125
11 0.82109375 0.434375 0.021875 0.012890625
11 0.8671875 0.37734375 0.053125 0.02109375
11 0.890625 0.409375 0.0453125 0.021875
11 0.91796875 0.4015625 0.0421875 0.01875
11 0.921875 0.34296875 0.034375 0.017578125
11 0.9109375 0.3640625 0.0234375 0.0171875
11 0.8890625 0.3421875 0.016015625 0.024609375
11 0.89453125 0.32421875 0.029296875 0.033203125
11 0.94609375 0.31484375 0.016796875 0.0296875
11 0.79453125 0.40859375 0.023828125 0.026171875
11 0.80703125 0.35859375 0.019921875 0.028125
11 0.865625 0.39609375 0.03671875 0.0203125
16 0.85078125 0.409375 0.0140625 0.015234375
16 0.80234375 0.3625 0.08359375 0.0296875
11 0.62421875 0.4203125 0.021875 0.01484375
10 0.65 0.43125 0.019140625 0.01328125
11 0.54921875 0.42890625 0.0203125 0.011328125
11 0.6078125 0.4078125 0.02734375 0.018359375
16 0.64921875 0.390625 0.021875 0.02578125
10 0.6515625 0.40859375 0.02421875 0.0234375
11 0.5890625 0.409375 0.009375 0.015234375
16 0.7296875 0.37265625 0.030859375 0.0203125
16 0.9765625 0.3890625 0.04609375 0.02265625
11 0.92421875 0.3734375 0.029296875 0.025
15 0.96953125 0.3515625 0.06015625 0.04140625
16 0.5375 0.41796875 0.031640625 0.0203125
11 0.67265625 0.40234375 0.0265625 0.0234375