11 0.3890625 0.61484375 0.08359375 0.0546875
11 0.428125 0.575 0.028125 0.05
11 0.55546875 0.6703125 0.08671875 0.0375
11 0.62421875 0.6953125 0.10390625 0.04921875
11 0.6453125 0.67890625 0.09921875 0.05
13 0.753125 0.83515625 0.0984375 0.053125
11 0.74609375 0.91171875 0.140625 0.10625
11 0.69609375 0.790625 0.11796875 0.08671875
11 0.76875 0.55078125 0.04375 0.021875
11 0.80625 0.5640625 0.0671875 0.034375
11 0.84140625 0.56796875 0.05859375 0.02890625
11 0.2296875 0.45625 0.0453125 0.0234375
11 0.1671875 0.81953125 0.05078125 0.08515625
11 0.21875 0.87890625 0.13515625 0.06875
11 0.2765625 0.91484375 0.13125 0.07421875
11 0.46328125 0.8125 0.06640625 0.0421875
11 0.5203125 0.71640625 0.08515625 0.046875
11 0.5578125 0.71875 0.0640625 0.03515625
11 0.9140625 0.74609375 0.10078125 0.04609375
11 0.7421875 0.57109375 0.05234375 0.02890625