11 0.04296875 0.4015625 0.021875 0.03359375
11 0.0265625 0.38671875 0.025 0.038671875
11 0.06171875 0.375 0.023828125 0.03203125
11 0.08359375 0.35703125 0.01796875 0.0421875
11 0.09453125 0.3515625 0.020703125 0.037109375
15 0.221875 0.321875 0.04375 0.03671875
15 0.1109375 0.38046875 0.04375 0.0328125
11 0.21875 0.38125 0.01875 0.03125
11 0.31484375 0.50625 0.04609375 0.05234375
11 0.39375 0.4546875 0.052734375 0.02734375
11 0.36875 0.4875 0.025 0.033984375
11 0.3046875 0.44453125 0.019140625 0.0421875
11 0.228125 0.4953125 0.021875 0.0375
11 0.21796875 0.45546875 0.026171875 0.039453125
11 0.41328125 0.4296875 0.015625 0.02421875
11 0.10546875 0.425 0.014453125 0.03046875
15 0.17421875 0.396875 0.025 0.03125
11 0.203125 0.446875 0.0203125 0.03125
11 0.25234375 0.4890625 0.026171875 0.021484375
11 0.62578125 0.66953125 0.0359375 0.0265625
11 0.3921875 0.49140625 0.025 0.041796875
15 0.14296875 0.40859375 0.02421875 0.028125
11 0.1546875 0.378125 0.01484375 0.02578125