11 0.7796875 0.5515625 0.046484375 0.037109375
6 0.6484375 0.41015625 0.02265625 0.038671875
10 0.49765625 0.6765625 0.046875 0.04140625
6 0.44375 0.48125 0.034765625 0.028125
10 0.42734375 0.4140625 0.07734375 0.06484375
12 0.36640625 0.50546875 0.013671875 0.03125
6 0.31953125 0.39921875 0.02890625 0.03984375
6 0.25078125 0.39140625 0.0171875 0.01875
6 0.2625 0.30703125 0.01171875 0.015625
6 0.29921875 0.58359375 0.020703125 0.0140625
13 0.25 0.77578125 0.019140625 0.015625
0 0.14765625 0.61328125 0.0109375 0.015625
13 0.1640625 0.71875 0.02109375 0.02265625
11 0.07265625 0.534375 0.0515625 0.03046875
13 0.10234375 0.65546875 0.0265625 0.03125
10 0.0546875 0.6796875 0.05703125 0.05078125
10 0.0453125 0.584375 0.087109375 0.071484375
6 0.16875 0.75078125 0.01328125 0.0140625
6 0.2 0.809375 0.0125 0.015234375
10 0.1484375 0.7890625 0.065625 0.04140625
10 0.1640625 0.8421875 0.044140625 0.027734375
10 0.1609375 0.8203125 0.040234375 0.024609375
10 0.21328125 0.8328125 0.048828125 0.028515625
6 0.24453125 0.84140625 0.011328125 0.0140625
6 0.1984375 0.94765625 0.021875 0.021875
0 0.2984375 0.85625 0.006640625 0.00625
6 0.428125 0.78984375 0.0203125 0.01953125
6 0.36953125 0.9609375 0.020703125 0.024609375
13 0.47109375 0.74765625 0.0171875 0.01171875
15 0.371875 0.74921875 0.02421875 0.025
15 0.39140625 0.8140625 0.015625 0.027734375
6 0.6625 0.2109375 0.019140625 0.01875