15 0.05625 0.9296875 0.1109375 0.140625
13 0.12890625 0.82890625 0.02734375 0.03125
12 0.28671875 0.82109375 0.03359375 0.04609375
13 0.33671875 0.72421875 0.04140625 0.06953125
13 0.33125 0.7 0.07890625 0.06640625
13 0.39921875 0.665625 0.04921875 0.0390625
13 0.45 0.6859375 0.034375 0.0328125
11 0.91328125 0.38828125 0.1078125 0.0421875
11 0.93046875 0.41640625 0.10546875 0.0515625
10 0.875 0.5484375 0.07734375 0.075
6 0.94296875 0.5765625 0.03671875 0.03984375
10 0.85625 0.49296875 0.05390625 0.04765625
11 0.8296875 0.69921875 0.04765625 0.05078125
0 0.8484375 0.63984375 0.01328125 0.01953125
11 0.903125 0.23125 0.021875 0.04375
16 0.95 0.278125 0.1 0.04453125
6 0.90625 0.48046875 0.0328125 0.025
10 0.76953125 0.66171875 0.0796875 0.10703125
6 0.55390625 0.75625 0.02421875 0.0328125
6 0.43984375 0.90234375 0.04296875 0.06015625
6 0.38984375 0.80625 0.03359375 0.06171875
13 0.2234375 0.88125 0.0328125 0.04765625
6 0.196875 0.9171875 0.02421875 0.02890625
6 0.178125 0.89609375 0.01328125 0.02578125
6 0.2515625 0.94765625 0.025 0.0265625
0 0.2796875 0.95625 0.01640625 0.0203125
10 0.24609375 0.8421875 0.02890625 0.02890625
0 0.1546875 0.82578125 0.01484375 0.02109375
0 0.17421875 0.9828125 0.01796875 0.0203125
6 0.1421875 0.9125 0.03671875 0.0421875
13 0.571875 0.70234375 0.028125 0.03203125