0 0.96171875 0.69921875 0.00859375 0.00859375
11 0.878125 0.59765625 0.021484375 0.03125
11 0.87890625 0.5921875 0.01875 0.03125
6 0.82421875 0.59140625 0.028125 0.02578125
6 0.84921875 0.725 0.02109375 0.0390625
12 0.7734375 0.7328125 0.01875 0.02109375
10 0.70234375 0.69609375 0.0359375 0.033203125
6 0.703125 0.75703125 0.0125 0.0125
6 0.70234375 0.8171875 0.0109375 0.01328125
6 0.70078125 0.79140625 0.0140625 0.009375
12 0.63828125 0.69921875 0.014453125 0.015625
6 0.6265625 0.6953125 0.015625 0.02734375
6 0.64375 0.665625 0.012890625 0.016015625
13 0.584375 0.7625 0.024609375 0.016015625
13 0.56875 0.775 0.01875 0.01796875
6 0.57421875 0.78671875 0.025 0.025
6 0.5640625 0.70625 0.02109375 0.018359375
6 0.5421875 0.68125 0.01640625 0.02578125
6 0.51328125 0.75859375 0.0109375 0.013671875
6 0.475 0.7625 0.059375 0.01875
6 0.48359375 0.73125 0.008203125 0.009765625
6 0.49921875 0.65859375 0.010546875 0.011328125
16 0.46796875 0.6328125 0.02890625 0.040625
10 0.43984375 0.65859375 0.042578125 0.0421875
10 0.39140625 0.64609375 0.054296875 0.034375
13 0.35703125 0.621875 0.0234375 0.025
12 0.353125 0.64140625 0.01328125 0.015625
0 0.36640625 0.66640625 0.007421875 0.00625
6 0.36171875 0.71875 0.013671875 0.012890625
13 0.265625 0.7546875 0.028125 0.025390625
13 0.246875 0.76171875 0.012109375 0.013671875
13 0.2578125 0.740625 0.024609375 0.033984375
13 0.20625 0.66796875 0.015234375 0.017578125
10 0.22265625 0.75546875 0.07421875 0.07421875
13 0.2171875 0.8640625 0.025 0.0265625
13 0.2015625 0.8765625 0.01484375 0.01875
11 0.18515625 0.84140625 0.06875 0.051953125
13 0.16640625 0.8765625 0.01640625 0.02734375
0 0.1546875 0.78515625 0.00859375 0.009375
12 0.09140625 0.89609375 0.01875 0.0203125
11 0.13046875 0.8328125 0.0296875 0.065625
11 0.0609375 0.74921875 0.022265625 0.0328125
6 0.09453125 0.84921875 0.0484375 0.046875
6 0.04609375 0.83828125 0.033203125 0.05
13 0.04140625 0.8640625 0.028125 0.019140625
0 0.02109375 0.8265625 0.008203125 0.009765625
0 0.021875 0.88515625 0.009375 0.011328125
6 0.03359375 0.7921875 0.01953125 0.01796875
0 0.0375 0.73515625 0.012890625 0.0125
0 0.01796875 0.73359375 0.009375 0.009375
13 0.24453125 0.82421875 0.03828125 0.021875
13 0.2421875 0.70390625 0.015625 0.0234375
10 0.34921875 0.675 0.029296875 0.0375
6 0.3390625 0.70546875 0.01171875 0.015625
6 0.346875 0.70625 0.01015625 0.00859375
6 0.29296875 0.6953125 0.028125 0.0375
6 0.303125 0.7296875 0.01171875 0.0125
13 0.31796875 0.57421875 0.01328125 0.01328125
6 0.33515625 0.5734375 0.0234375 0.016015625
12 0.334375 0.59453125 0.012109375 0.011328125
0 0.35390625 0.578125 0.0046875 0.00390625
6 0.41484375 0.71328125 0.01328125 0.01015625
10 0.31953125 0.70625 0.0359375 0.034375
0 0.309375 0.7984375 0.00703125 0.009375
0 0.315625 0.83984375 0.018359375 0.020703125
12 0.2921875 0.56015625 0.009765625 0.010546875
13 0.29765625 0.55234375 0.0125 0.0125
11 0.5234375 0.5046875 0.02890625 0.021484375
6 0.49296875 0.49921875 0.015625 0.0203125
6 0.521875 0.53828125 0.03125 0.019921875
6 0.55 0.503125 0.021875 0.018359375
6 0.53203125 0.61015625 0.036328125 0.034375
13 0.54921875 0.60859375 0.014453125 0.011328125
13 0.49765625 0.61640625 0.013671875 0.013671875
10 0.5625 0.60546875 0.028515625 0.0296875
10 0.58203125 0.5703125 0.0265625 0.028125
10 0.55625 0.57578125 0.04921875 0.05234375
13 0.640625 0.5171875 0.01484375 0.01640625
10 0.61015625 0.4890625 0.0234375 0.02265625
6 0.6015625 0.503125 0.009375 0.01171875
6 0.5875 0.48203125 0.01171875 0.008203125
6 0.5828125 0.4890625 0.01015625 0.009375
0 0.61875 0.6234375 0.00546875 0.006640625
0 0.69375 0.5640625 0.006640625 0.008984375
6 0.80625 0.54453125 0.034765625 0.029296875
6 0.76796875 0.6484375 0.042578125 0.033984375
6 0.76875 0.57265625 0.01796875 0.02421875
6 0.759375 0.53359375 0.021875 0.0203125
6 0.78828125 0.5109375 0.0203125 0.012890625
13 0.80625 0.86328125 0.0375 0.025
10 0.80625 0.825 0.04296875 0.053515625
12 0.83671875 0.6859375 0.01796875 0.01640625
13 0.9078125 0.771875 0.015625 0.01796875
0 0.8734375 0.62421875 0.005859375 0.0109375
12 0.8890625 0.65390625 0.01328125 0.01328125
6 0.81953125 0.7140625 0.039453125 0.044140625
6 0.83203125 0.7375 0.0109375 0.009765625
6 0.7578125 0.628125 0.019140625 0.018359375
13 0.95078125 0.72890625 0.020703125 0.010546875
10 0.92421875 0.71015625 0.0328125 0.03046875
13 0.93359375 0.6859375 0.016796875 0.012890625
0 0.9375 0.69453125 0.0109375 0.0125
12 0.9515625 0.546875 0.018359375 0.015234375
16 0.92421875 0.57421875 0.065625 0.0421875
16 0.8453125 0.53671875 0.066015625 0.013671875
16 0.81484375 0.47890625 0.035546875 0.0453125
6 0.77265625 0.55234375 0.013671875 0.013671875
13 0.77421875 0.70390625 0.009375 0.01484375
6 0.76171875 0.67109375 0.017578125 0.0171875
10 0.709375 0.51484375 0.025390625 0.026953125
6 0.45703125 0.56875 0.028125 0.01796875
10 0.33828125 0.59609375 0.05625 0.038671875
6 0.25234375 0.68515625 0.01875 0.017578125
6 0.190625 0.80234375 0.0171875 0.01796875
13 0.06484375 0.81796875 0.020703125 0.030078125
13 0.07421875 0.82734375 0.020703125 0.0203125
6 0.07578125 0.78515625 0.02421875 0.01953125
6 0.94140625 0.76640625 0.0265625 0.02890625
6 0.925 0.66484375 0.034765625 0.0140625
6 0.875 0.72890625 0.0125 0.0109375
6 0.796875 0.53046875 0.015625 0.0140625
6 0.75078125 0.51328125 0.0171875 0.011328125
0 0.546875 0.5390625 0.00546875 0.00703125
10 0.43046875 0.54453125 0.023828125 0.019921875
10 0.3984375 0.728125 0.0203125 0.021875
6 0.36484375 0.68046875 0.008203125 0.0203125
6 0.34140625 0.63984375 0.0140625 0.0140625
6 0.3359375 0.65390625 0.016015625 0.0109375
6 0.275 0.803125 0.021875 0.0234375
6 0.27421875 0.8234375 0.0640625 0.04765625
16 0.21875 0.87734375 0.05625 0.04375
6 0.2421875 0.88125 0.037109375 0.033984375
0 0.178125 0.7796875 0.00703125 0.008984375
13 0.96015625 0.5625 0.013671875 0.00703125
13 0.95703125 0.571875 0.0140625 0.01171875
10 0.79765625 0.64140625 0.01875 0.0328125
6 0.7671875 0.61484375 0.015234375 0.0171875
6 0.88671875 0.79609375 0.04140625 0.03359375
6 0.71640625 0.72734375 0.01328125 0.01953125
6 0.62734375 0.85234375 0.05 0.059375
13 0.4484375 0.8734375 0.012890625 0.018359375
6 0.3234375 0.74609375 0.12734375 0.1
6 0.13203125 0.72265625 0.0125 0.01875
13 0.06796875 0.79296875 0.009375 0.015625
6 0.03671875 0.73046875 0.01640625 0.01640625
6 0.034375 0.89765625 0.01953125 0.021875
6 0.36875 0.54375 0.01484375 0.01015625
6 0.36953125 0.55703125 0.0140625 0.0125
10 0.46796875 0.5140625 0.032421875 0.043359375
10 0.49140625 0.55703125 0.06171875 0.04609375
10 0.58515625 0.540625 0.036328125 0.021875
6 0.61328125 0.5875 0.0171875 0.012109375
10 0.98359375 0.56328125 0.01953125 0.01484375
13 0.99453125 0.55078125 0.01015625 0.0078125
6 0.96875 0.55390625 0.015625 0.0125
12 0.98671875 0.58359375 0.0125 0.0109375