10 0.13046875 0.853125 0.04609375 0.0515625
10 0.1515625 0.8265625 0.052734375 0.046484375
10 0.30234375 0.884375 0.0640625 0.068359375
10 0.42734375 0.8 0.053125 0.059375
13 0.42109375 0.684375 0.04609375 0.02734375
13 0.45234375 0.65703125 0.0328125 0.03515625
0 0.5796875 0.42578125 0.01484375 0.021875
6 0.39765625 0.61015625 0.023046875 0.028125
6 0.40703125 0.825 0.0203125 0.018359375
6 0.23515625 0.84921875 0.014453125 0.016796875
12 0.259375 0.89453125 0.015234375 0.020703125
12 0.2828125 0.928125 0.02265625 0.028125
0 0.228125 0.94140625 0.009375 0.0109375