10 0.76875 0.22421875 0.080859375 0.0828125
12 0.75859375 0.33671875 0.01875 0.02890625
6 0.790625 0.3109375 0.03125 0.025390625
6 0.64609375 0.36484375 0.023046875 0.03125
11 0.60859375 0.59765625 0.0171875 0.0296875
13 0.6625 0.646875 0.021484375 0.019140625
10 0.60703125 0.64375 0.036328125 0.06171875
10 0.6328125 0.6984375 0.037890625 0.037890625
10 0.55546875 0.7921875 0.048828125 0.034765625
10 0.80078125 0.69765625 0.0390625 0.032421875
13 0.790625 0.634375 0.015625 0.015234375
13 0.71015625 0.65390625 0.01640625 0.01484375
6 0.7203125 0.6765625 0.009375 0.01328125
6 0.634375 0.64609375 0.012890625 0.019921875
10 0.71875 0.7140625 0.05625 0.025
10 0.73046875 0.734375 0.030078125 0.019140625
10 0.7375 0.753125 0.0375 0.022265625
6 0.8046875 0.8 0.02109375 0.01953125
6 0.77734375 0.83828125 0.01171875 0.0109375
6 0.83125 0.690625 0.012109375 0.012109375
6 0.771875 0.6859375 0.00703125 0.00859375
6 0.73671875 0.5015625 0.01953125 0.0171875
13 0.95703125 0.50390625 0.019921875 0.0171875
13 0.98359375 0.8203125 0.0140625 0.009375
6 0.6078125 0.38984375 0.0109375 0.0140625
10 0.4359375 0.68671875 0.031640625 0.026953125
10 0.41953125 0.6640625 0.032421875 0.030859375
10 0.32890625 0.68515625 0.04375 0.036328125
12 0.35859375 0.6890625 0.0109375 0.01484375
6 0.375 0.66015625 0.0109375 0.0140625
6 0.26484375 0.6359375 0.01484375 0.0140625
10 0.2453125 0.61640625 0.03984375 0.0421875
12 0.34140625 0.70546875 0.01484375 0.01796875
10 0.33984375 0.753125 0.040625 0.040625
13 0.2328125 0.503125 0.016015625 0.022265625
13 0.2015625 0.52109375 0.01171875 0.025
13 0.25390625 0.528125 0.0328125 0.018359375
6 0.290625 0.4796875 0.012890625 0.015625
0 0.15078125 0.2703125 0.0109375 0.01328125
10 0.56875 0.90546875 0.01875 0.0140625
15 0.84453125 0.5671875 0.02421875 0.0234375
6 0.540625 0.3453125 0.009375 0.015625
6 0.43046875 0.4046875 0.013671875 0.021875
6 0.5390625 0.46015625 0.01015625 0.0203125
6 0.42265625 0.46484375 0.01328125 0.01484375
6 0.315625 0.57734375 0.0125 0.01484375
16 0.4140625 0.79140625 0.03125 0.041796875
0 0.58984375 0.7421875 0.00625 0.00859375
0 0.6703125 0.5953125 0.00859375 0.009375
0 0.8625 0.66171875 0.00703125 0.0078125