11 0.2203125 0.4484375 0.04609375 0.03671875
6 0.3515625 0.58984375 0.0234375 0.03828125
10 0.50234375 0.3234375 0.046875 0.0421875
6 0.55625 0.51875 0.03515625 0.028125
10 0.57265625 0.5859375 0.07734375 0.06484375
12 0.63359375 0.49453125 0.01328125 0.03125
6 0.68046875 0.60078125 0.02890625 0.03984375
6 0.74921875 0.60859375 0.0171875 0.01875
6 0.7375 0.69296875 0.0109375 0.015625
6 0.70078125 0.41640625 0.02109375 0.0140625
13 0.75 0.22421875 0.01953125 0.015625
0 0.85234375 0.38671875 0.0109375 0.015625
13 0.8359375 0.28125 0.02109375 0.02265625
11 0.92734375 0.465625 0.0515625 0.0296875
13 0.89765625 0.34453125 0.0265625 0.03125
10 0.9453125 0.3203125 0.05703125 0.05078125
10 0.9546875 0.415625 0.08671875 0.07109375
6 0.83125 0.24921875 0.0140625 0.0140625
6 0.8 0.190625 0.0125 0.01484375
10 0.8515625 0.2109375 0.065625 0.0421875
10 0.8359375 0.1578125 0.04453125 0.02734375
10 0.8390625 0.1796875 0.03984375 0.02421875
10 0.78671875 0.1671875 0.04921875 0.02890625
6 0.75546875 0.15859375 0.01171875 0.0140625
6 0.8015625 0.05234375 0.021875 0.021875
0 0.7015625 0.14375 0.00703125 0.00625
6 0.571875 0.21015625 0.0203125 0.01953125
6 0.63046875 0.0390625 0.02109375 0.02421875
13 0.52890625 0.25234375 0.0171875 0.01171875
15 0.628125 0.25078125 0.0234375 0.025
15 0.60859375 0.1859375 0.015625 0.02734375
6 0.3375 0.7890625 0.01953125 0.01875