10 0.409375 0.4328125 0.072265625 0.062109375
12 0.35859375 0.51875 0.0125 0.02578125
6 0.3046875 0.59296875 0.021875 0.011328125
6 0.31328125 0.415625 0.0265625 0.037109375
6 0.25078125 0.40625 0.0140625 0.015625
6 0.259375 0.325 0.009375 0.012109375
0 0.15546875 0.61796875 0.009375 0.0125
10 0.06640625 0.68359375 0.0609375 0.048828125
10 0.05546875 0.58671875 0.085546875 0.065625
11 0.08203125 0.54140625 0.0484375 0.025
13 0.11171875 0.6609375 0.026953125 0.02890625
11 0.76953125 0.56640625 0.045703125 0.0296875
6 0.61328125 0.21953125 0.0203125 0.0203125
6 0.6078125 0.415625 0.02265625 0.03203125
6 0.4296875 0.49765625 0.03125 0.0171875
13 0.25703125 0.78046875 0.0203125 0.019921875
6 0.42890625 0.79609375 0.02109375 0.0234375
6 0.39375 0.8171875 0.01875 0.027734375
10 0.22109375 0.8390625 0.05 0.040625
10 0.17578125 0.84765625 0.048828125 0.0296875
10 0.17109375 0.82265625 0.039453125 0.026953125
10 0.1578125 0.7921875 0.06484375 0.041015625
13 0.1734375 0.721875 0.019140625 0.019140625
6 0.25 0.84453125 0.0109375 0.01328125
6 0.2078125 0.8125 0.009765625 0.01171875
6 0.178125 0.75390625 0.0125 0.014453125
6 0.20625 0.9515625 0.021484375 0.01875
6 0.16875 0.9828125 0.01328125 0.01015625
10 0.06484375 0.6234375 0.023828125 0.01640625
15 0.37265625 0.7546875 0.021875 0.022265625
6 0.59296875 0.68984375 0.0171875 0.01796875
13 0.46796875 0.75546875 0.015625 0.009375
6 0.24453125 0.97109375 0.021875 0.03125