11 0.225 0.46328125 0.04140625 0.0234375
10 0.41171875 0.471875 0.10546875 0.028125
6 0.1515625 0.453125 0.040625 0.0140625
6 0.52734375 0.40859375 0.0328125 0.0140625
12 0.4515625 0.4390625 0.02890625 0.01171875
10 0.21875 0.359375 0.08203125 0.0265625
6 0.121875 0.36875 0.03125 0.009375
11 0.5078125 0.31640625 0.040625 0.00859375
10 0.52265625 0.2953125 0.05546875 0.0234375
10 0.50078125 0.265625 0.05078125 0.0171875
10 0.3375 0.25234375 0.05234375 0.01328125
10 0.40546875 0.234375 0.053125 0.009375
10 0.7109375 0.2390625 0.06875 0.01328125
10 0.4078125 0.24296875 0.05078125 0.009375
10 0.4140625 0.253125 0.07734375 0.0109375
13 0.4546875 0.2890625 0.0265625 0.00859375
13 0.4078125 0.28359375 0.02265625 0.00625
13 0.32421875 0.2890625 0.02421875 0.00703125
10 0.5171875 0.66640625 0.10703125 0.046875
10 0.815625 0.31328125 0.06640625 0.02890625
16 0.9765625 0.2484375 0.04609375 0.02109375
6 0.3453125 0.2140625 0.02890625 0.00703125
10 0.084375 0.1859375 0.0484375 0.00703125
12 0.0171875 0.14453125 0.01484375 0.00390625
6 0.11796875 0.3109375 0.03515625 0.00546875
13 0.203125 0.3140625 0.01796875 0.00703125
6 0.57734375 0.41328125 0.01796875 0.00703125
6 0.80078125 0.453125 0.01875 0.00703125
6 0.85703125 0.43515625 0.03359375 0.0078125
6 0.690625 0.4578125 0.01484375 0.00625
0 0.60234375 0.2546875 0.00859375 0.003125
10 0.73984375 0.1921875 0.04140625 0.0109375
10 0.0125 0.084375 0.025 0.009375
10 0.17578125 0.0984375 0.04921875 0.0078125
10 0.37109375 0.05703125 0.03984375 0.00625
10 0.3078125 0.0578125 0.03359375 0.00546875
6 0.34765625 0.26328125 0.01328125 0.0046875
6 0.484375 0.29296875 0.025 0.00859375
0 0.44296875 0.30859375 0.0109375 0.00546875
0 0.25390625 0.2609375 0.0125 0.0046875
6 0.3984375 0.203125 0.01796875 0.00625
6 0.40234375 0.3359375 0.02578125 0.00625
6 0.9296875 0.31875 0.01875 0.00625
6 0.396875 0.27421875 0.015625 0.00625
6 0.303125 0.2515625 0.01484375 0.00546875
6 0.17734375 0.18828125 0.01953125 0.00625
13 0.13828125 0.1890625 0.01953125 0.00546875
10 0.765625 0.1390625 0.0546875 0.00859375
10 0.75234375 0.1140625 0.03671875 0.00859375
6 0.7484375 0.12578125 0.02421875 0.0046875