10 0.87265625 0.3609375 0.06875 0.040234375
10 0.80390625 0.534375 0.0875 0.06796875
8 0.77890625 0.5796875 0.048828125 0.028515625
10 0.7734375 0.440625 0.058984375 0.046875
9 0.80234375 0.428125 0.009375 0.01171875
13 0.74921875 0.46796875 0.0234375 0.029296875
9 0.70390625 0.5109375 0.0078125 0.0109375
13 0.6796875 0.40703125 0.01875 0.01875
6 0.853125 0.83515625 0.01953125 0.017578125
6 0.98359375 0.91171875 0.017578125 0.045703125
10 0.9796875 0.66640625 0.040234375 0.055078125
10 0.9703125 0.61953125 0.05234375 0.048046875
6 0.8546875 0.63046875 0.0078125 0.02578125
6 0.89375 0.6453125 0.015234375 0.01484375
6 0.79921875 0.75703125 0.02109375 0.01015625
9 0.5828125 0.7109375 0.015234375 0.01640625
6 0.55625 0.79765625 0.0109375 0.0125
9 0.50703125 0.7203125 0.0265625 0.037890625
7 0.43203125 0.7078125 0.075 0.06796875
9 0.403125 0.6515625 0.028125 0.027734375
12 0.496875 0.61875 0.01171875 0.0296875
9 0.53046875 0.54921875 0.02109375 0.015625
10 0.7015625 0.3421875 0.04921875 0.034375
6 0.67265625 0.3765625 0.011328125 0.0125
6 0.646875 0.32265625 0.0078125 0.01015625
6 0.65 0.30703125 0.00703125 0.009375
10 0.67265625 0.315625 0.0390625 0.01875
10 0.67109375 0.2921875 0.038671875 0.02734375
10 0.62890625 0.3015625 0.036328125 0.025390625
6 0.6109375 0.2921875 0.009375 0.01015625
6 0.646875 0.19765625 0.019140625 0.013671875
6 0.65859375 0.24140625 0.011328125 0.013671875
10 0.61015625 0.184375 0.01640625 0.02421875
0 0.56328125 0.28515625 0.00625 0.0078125
13 0.49296875 0.10078125 0.0109375 0.009375
6 0.49921875 0.20234375 0.013671875 0.019921875
6 0.51015625 0.171875 0.01875 0.009765625
10 0.4484375 0.11171875 0.027734375 0.0140625
6 0.4296875 0.06953125 0.01015625 0.00625
16 0.359375 0.05546875 0.024609375 0.021875
10 0.36171875 0.0828125 0.051953125 0.02734375
16 0.22890625 0.1796875 0.051171875 0.016015625
9 0.25703125 0.4765625 0.01328125 0.01796875
13 0.36875 0.40078125 0.0171875 0.01171875
6 0.3375 0.41875 0.016015625 0.008984375
6 0.41796875 0.36640625 0.0171875 0.01875
15 0.47734375 0.33828125 0.016796875 0.0234375
15 0.50234375 0.396875 0.0234375 0.022265625
13 0.59921875 0.35390625 0.01796875 0.01640625
6 0.6765625 0.1640625 0.0125 0.01171875
6 0.98515625 0.40390625 0.0140625 0.0234375
8 0.08984375 0.45625 0.025 0.03515625
6 0.24296875 0.7875 0.023046875 0.040234375