10 0.18125 0.75703125 0.0875 0.08984375
10 0.2734375 0.31953125 0.0453125 0.04140625
10 0.296875 0.37578125 0.04609375 0.06328125
11 0.2921875 0.421875 0.02109375 0.03671875
13 0.23984375 0.37265625 0.021875 0.02421875
13 0.190625 0.36484375 0.01953125 0.01640625
0 0.23203125 0.421875 0.00859375 0.0125
6 0.26875 0.37265625 0.01484375 0.0203125
10 0.4828125 0.328125 0.0328125 0.03671875
10 0.49609375 0.35234375 0.03203125 0.03046875
10 0.59453125 0.3265625 0.0453125 0.040625
13 0.65859375 0.49453125 0.03359375 0.021875
13 0.71328125 0.49765625 0.021875 0.028125
13 0.67890625 0.51875 0.01796875 0.0265625
6 0.62265625 0.54296875 0.01484375 0.01796875
6 0.65703125 0.378125 0.01484375 0.0140625
6 0.54453125 0.3546875 0.0125 0.01484375
12 0.565625 0.31953125 0.01171875 0.0171875
12 0.58515625 0.30078125 0.0171875 0.01796875
10 0.59296875 0.24296875 0.03828125 0.040625
16 0.52109375 0.203125 0.0328125 0.04140625
6 0.49765625 0.1875 0.01796875 0.015625
10 0.371875 0.215625 0.0515625 0.03828125
12 0.178125 0.659375 0.021875 0.0296875
6 0.17421875 0.5078125 0.01953125 0.02578125
6 0.27578125 0.6375 0.0265625 0.034375
13 0.1109375 0.38125 0.01640625 0.0203125
10 0.09765625 0.31953125 0.04453125 0.0359375
10 0.184375 0.30390625 0.0609375 0.0296875
10 0.1703125 0.2859375 0.040625 0.02421875
10 0.1671875 0.265625 0.0421875 0.02265625
6 0.18046875 0.34140625 0.01015625 0.0140625
6 0.12734375 0.33203125 0.009375 0.01171875
6 0.14140625 0.29765625 0.0078125 0.0109375
6 0.06640625 0.325 0.01171875 0.0125
6 0.096875 0.2171875 0.02265625 0.0171875
6 0.13359375 0.1765625 0.0125 0.00859375
6 0.378125 0.665625 0.01015625 0.0125
6 0.309375 0.61875 0.0125 0.0140625
6 0.5984375 0.44453125 0.0125 0.015625
0 0.759375 0.74609375 0.0109375 0.01640625