11 0.090625 0.7703125 0.05078125 0.0328125
6 0.11328125 0.790625 0.028125 0.046875
10 0.3234375 0.68046875 0.07578125 0.08828125
6 0.2953125 0.60703125 0.0296875 0.034375
12 0.31875 0.58984375 0.02265625 0.03359375
6 0.41171875 0.58203125 0.02578125 0.040625
6 0.44296875 0.5671875 0.01328125 0.01953125
6 0.73515625 0.53671875 0.01875 0.02421875
13 0.796875 0.51875 0.0171875 0.02734375
13 0.77578125 0.49375 0.03515625 0.02421875
13 0.8359375 0.50078125 0.02109375 0.03515625
6 0.76796875 0.37890625 0.015625 0.01484375
10 0.784375 0.4 0.03671875 0.046875
6 0.65703125 0.353125 0.0109375 0.01171875
12 0.675 0.32265625 0.0125 0.01796875
6 0.6640625 0.3203125 0.0078125 0.009375
0 0.65546875 0.29140625 0.0078125 0.0078125
6 0.65859375 0.28125 0.01328125 0.0109375
6 0.66875 0.27578125 0.01171875 0.01328125
12 0.69375 0.30546875 0.01796875 0.0171875
10 0.70625 0.3265625 0.04609375 0.0375
10 0.69921875 0.25078125 0.03671875 0.04140625
10 0.596875 0.32109375 0.03828125 0.03203125
10 0.61328125 0.34609375 0.03515625 0.03203125
16 0.628125 0.2125 0.03125 0.046875
10 0.48515625 0.203125 0.04921875 0.03203125
10 0.42890625 0.3484375 0.04375 0.0609375
11 0.4296875 0.3921875 0.01875 0.03125
6 0.4046875 0.34375 0.015625 0.0171875
10 0.40546875 0.29609375 0.0421875 0.03828125
13 0.37734375 0.340625 0.02109375 0.02109375
0 0.3703125 0.38515625 0.00859375 0.0109375
0 0.4484375 0.25625 0.0078125 0.00703125
10 0.30390625 0.2359375 0.03984375 0.02578125
10 0.3109375 0.2546875 0.03515625 0.01796875
10 0.3203125 0.2734375 0.0546875 0.0265625
6 0.3203125 0.30703125 0.0109375 0.0125
13 0.33125 0.328125 0.01953125 0.01484375
6 0.284375 0.2640625 0.00859375 0.01015625
6 0.27265625 0.29375 0.00859375 0.009375
6 0.240625 0.1859375 0.0234375 0.01875
6 0.26953125 0.15 0.01171875 0.01328125
10 0.24453125 0.284375 0.04609375 0.03984375
6 0.21640625 0.28515625 0.0109375 0.01328125
13 0.25703125 0.33828125 0.0171875 0.01640625
0 0.18984375 0.30625 0.0078125 0.01015625