13 0.46484375 0.553125 0.0484375 0.04609375
13 0.51328125 0.66796875 0.0390625 0.04140625
13 0.58359375 0.70390625 0.02890625 0.04375
12 0.1375 0.72265625 0.03125 0.04296875
12 0.26953125 0.85234375 0.040625 0.06953125
11 0.23515625 0.665625 0.03515625 0.059375
15 0.34375 0.78359375 0.23125 0.21484375
13 0.33359375 0.9234375 0.05390625 0.05
10 0.375 0.9 0.04140625 0.040625
12 0.02109375 0.4640625 0.02578125 0.0265625
16 0.03671875 0.540625 0.07265625 0.04765625
13 0.02734375 0.49921875 0.0546875 0.05859375
13 0.0890625 0.44375 0.05078125 0.0234375
0 0.1984375 0.7078125 0.01171875 0.015625
0 0.16015625 0.62734375 0.01328125 0.0171875
0 0.228125 0.62421875 0.0125 0.01640625
13 0.20390625 0.5140625 0.03125 0.03359375
13 0.31875 0.40625 0.03046875 0.02578125
12 0.3140625 0.3890625 0.01953125 0.02265625
0 0.35390625 0.46484375 0.0125 0.0171875
11 0.4359375 0.70546875 0.03515625 0.07421875
10 0.5515625 0.778125 0.096875 0.08515625
11 0.55390625 0.3328125 0.02578125 0.0546875
11 0.5234375 0.31953125 0.02734375 0.04921875
13 0.69609375 0.3421875 0.0640625 0.0453125
13 0.72421875 0.2796875 0.0296875 0.04140625
11 0.7 0.5609375 0.0234375 0.04140625
12 0.67265625 0.5625 0.03125 0.02578125
16 0.1359375 0.946875 0.1703125 0.10625
13 0.06796875 0.97578125 0.0265625 0.021875
11 0.26171875 0.82578125 0.0375 0.0640625
16 0.265625 0.14765625 0.078125 0.0734375
16 0.4328125 0.2484375 0.07109375 0.0546875
16 0.4234375 0.334375 0.16484375 0.05546875
13 0.2609375 0.45 0.07734375 0.06015625
10 0.29296875 0.5078125 0.0609375 0.046875
12 0.40234375 0.4640625 0.02734375 0.03046875
13 0.41015625 0.2015625 0.03125 0.025
13 0.415625 0.64765625 0.02265625 0.0328125
10 0.18203125 0.44921875 0.05703125 0.06328125
10 0.109375 0.40078125 0.028125 0.02578125
15 0.04453125 0.396875 0.0890625 0.0734375
13 0.10546875 0.4265625 0.015625 0.0171875
13 0.21484375 0.74765625 0.05546875 0.08671875
12 0.61875 0.44453125 0.02265625 0.02890625
13 0.665625 0.49296875 0.02421875 0.025
10 0.8609375 0.36953125 0.0625 0.04609375
10 0.95390625 0.21171875 0.05234375 0.04140625
10 0.81796875 0.08125 0.03828125 0.02421875
11 0.88671875 0.10234375 0.03515625 0.04140625
13 0.92890625 0.49375 0.06953125 0.03046875
13 0.92890625 0.56171875 0.02109375 0.025
13 0.78984375 0.546875 0.03984375 0.0328125
13 0.6671875 0.71328125 0.02734375 0.034375
10 0.61875 0.77421875 0.07578125 0.12265625
15 0.68046875 0.74921875 0.16796875 0.14765625
0 0.5703125 0.36796875 0.009375 0.0140625
0 0.6828125 0.50546875 0.01640625 0.01953125