10 0.05625 0.32265625 0.04609375 0.03515625
6 0.0421875 0.221875 0.021875 0.02265625
13 0.0765625 0.38515625 0.01484375 0.0234375
10 0.23515625 0.30703125 0.04609375 0.04453125
11 0.26484375 0.4046875 0.021875 0.03359375
13 0.15625 0.36015625 0.01953125 0.01484375
13 0.20625 0.3640625 0.021875 0.02109375
10 0.26171875 0.3625 0.04609375 0.059375
6 0.0234375 0.33203125 0.0125 0.0125
6 0.1421875 0.33984375 0.0109375 0.0140625
6 0.08671875 0.33359375 0.009375 0.01171875
10 0.1203125 0.26328125 0.0421875 0.02734375
10 0.12734375 0.2828125 0.0359375 0.02421875
10 0.14140625 0.29921875 0.059375 0.02734375
6 0.234375 0.36171875 0.0140625 0.01796875
0 0.20546875 0.41171875 0.00703125 0.0078125
10 0.3171875 0.20546875 0.04921875 0.03515625
10 0.45625 0.32890625 0.03359375 0.02734375
10 0.43984375 0.3078125 0.03203125 0.03046875
10 0.53515625 0.22734375 0.03203125 0.0328125
12 0.53515625 0.278125 0.01484375 0.015625
12 0.51953125 0.29609375 0.01015625 0.01484375
10 0.54765625 0.3015625 0.0421875 0.0390625
13 0.625 0.44921875 0.03125 0.01796875
13 0.64609375 0.46953125 0.01796875 0.021875
13 0.675 0.45234375 0.01796875 0.025
6 0.59921875 0.49453125 0.01484375 0.0140625
10 0.63046875 0.365625 0.0359375 0.04375
6 0.5640625 0.4078125 0.0125 0.01328125
6 0.50234375 0.32734375 0.0109375 0.01328125
16 0.46328125 0.19296875 0.02734375 0.03828125
6 0.0734375 0.1796875 0.0125 0.01171875
6 0.15546875 0.5 0.01953125 0.01875
12 0.16953125 0.66015625 0.021875 0.028125
6 0.1390625 0.6828125 0.0359375 0.034375
6 0.2734375 0.61640625 0.025 0.03515625
6 0.30703125 0.59140625 0.0109375 0.01640625
10 0.17421875 0.7640625 0.08359375 0.09453125
0 0.27890625 0.26171875 0.0078125 0.0109375
0 0.7359375 0.6609375 0.009375 0.015625