12 0.95546875 0.5515625 0.025 0.025390625
6 0.94921875 0.51953125 0.0546875 0.058203125
16 0.95234375 0.471875 0.09296875 0.0578125
13 0.8890625 0.5703125 0.05078125 0.0234375
12 0.83671875 0.2953125 0.029296875 0.04375
11 0.7109375 0.16171875 0.04140625 0.0828125
11 0.721875 0.18828125 0.037890625 0.0671875
13 0.64453125 0.0953125 0.0546875 0.04609375
15 0.6296875 0.23359375 0.23671875 0.21015625
11 0.74453125 0.35 0.0359375 0.06875
0 0.77734375 0.3109375 0.016796875 0.025
0 0.75 0.3921875 0.015625 0.021875
10 0.42734375 0.23359375 0.09609375 0.0921875
6 0.4875 0.16796875 0.062109375 0.0625
6 0.41953125 0.26171875 0.033203125 0.030078125
13 0.39609375 0.3109375 0.026953125 0.04375
13 0.46640625 0.346875 0.040625 0.040625
6 0.74609375 0.075 0.04921875 0.0359375
6 0.80078125 0.09453125 0.0140625 0.02734375
13 0.90703125 0.046875 0.028125 0.021875
16 0.840625 0.06796875 0.16484375 0.11484375
0 0.81640625 0.390625 0.0125 0.018359375
12 0.66328125 0.6265625 0.020703125 0.021875
13 0.66015625 0.6078125 0.032421875 0.024609375
0 0.625 0.55078125 0.0125 0.015625
6 0.65234375 0.55625 0.028125 0.02109375
12 0.57734375 0.5515625 0.026953125 0.028125
11 0.54375 0.30703125 0.034375 0.082421875
13 0.56328125 0.36640625 0.0234375 0.02890625
10 0.6140625 0.36875 0.06015625 0.074609375
13 0.51484375 0.46328125 0.048046875 0.041796875
11 0.4546875 0.6953125 0.027734375 0.053125
11 0.42109375 0.6828125 0.025 0.05625
0 0.40390625 0.64765625 0.009375 0.011328125
6 0.4328125 0.784375 0.040625 0.02578125
6 0.48203125 0.7703125 0.039453125 0.046484375
13 0.5671875 0.81328125 0.03203125 0.02265625
6 0.60390625 0.709375 0.021875 0.022265625
10 0.359375 0.2421875 0.077734375 0.121484375
13 0.31171875 0.3 0.029296875 0.034375
12 0.3046875 0.45234375 0.03046875 0.02734375
11 0.27890625 0.45625 0.0234375 0.041015625
0 0.29453125 0.509375 0.0140625 0.01640625
10 0.23359375 0.50234375 0.0578125 0.039453125
6 0.2 0.48125 0.01953125 0.0171875
13 0.18984375 0.465625 0.04375 0.03046875
10 0.1171875 0.6421875 0.059765625 0.044140625
6 0.1 0.67109375 0.034765625 0.033203125
11 0.0859375 0.9125 0.03671875 0.04140625
6 0.0625 0.884375 0.03828125 0.03125
10 0.15625 0.9328125 0.040625 0.021484375
6 0.1234375 0.9 0.049609375 0.02578125
6 0.25390625 0.73515625 0.0296875 0.041796875
6 0.28203125 0.67265625 0.0625 0.04609375
12 0.35859375 0.571875 0.023046875 0.027734375
6 0.90390625 0.64140625 0.0203125 0.0203125
6 0.93359375 0.63984375 0.023046875 0.020703125
6 0.8984375 0.59375 0.02265625 0.02734375
13 0.77421875 0.5015625 0.03125 0.03046875
12 0.7375 0.6734375 0.034765625 0.031640625
6 0.71875 0.5640625 0.078125 0.05859375
10 0.68515625 0.50390625 0.058203125 0.051171875
13 0.31328125 0.52265625 0.0265625 0.023046875
12 0.1859375 0.56015625 0.02421875 0.02265625
10 0.23203125 0.56171875 0.063671875 0.069921875
10 0.02421875 0.80078125 0.0484375 0.0359375
6 0.321875 0.9609375 0.01953125 0.01875
6 0.3265625 0.9390625 0.015234375 0.015625
6 0.2953125 0.92578125 0.01953125 0.01796875
6 0.6234375 0.5921875 0.065625 0.041015625
6 0.75703125 0.43125 0.0953125 0.04609375
12 0.8046875 0.446875 0.02265625 0.02265625
13 0.9296875 0.45 0.02734375 0.021875
6 0.75703125 0.7734375 0.01875 0.01640625
16 0.54453125 0.76796875 0.0671875 0.0546875
16 0.55 0.678125 0.1640625 0.06171875
6 0.65390625 0.64609375 0.023046875 0.0234375
13 0.659375 0.6625 0.03359375 0.01875
10 0.68515625 0.61640625 0.044921875 0.0640625
10 0.7 0.4453125 0.02734375 0.025
10 0.7546875 0.525 0.0375 0.046484375
6 0.7953125 0.571875 0.05390625 0.053125
6 0.98203125 0.1390625 0.03125 0.027734375
6 0.55078125 0.39921875 0.040625 0.0375
6 0.5890625 0.4125 0.030859375 0.027734375