11 0.58046875 0.33515625 0.032421875 0.063671875
12 0.63984375 0.2875 0.025 0.040625
15 0.53671875 0.33046875 0.026171875 0.036328125
10 0.5203125 0.4796875 0.05234375 0.04609375
0 0.4875 0.50703125 0.01328125 0.0171875
15 0.96171875 0.3609375 0.07578125 0.11796875
10 0.9375 0.43984375 0.049609375 0.048828125
13 0.84140625 0.51796875 0.05859375 0.04140625
12 0.76953125 0.5328125 0.021875 0.02734375
16 0.77109375 0.4578125 0.0890625 0.050390625
10 0.8375 0.44140625 0.037890625 0.0484375
13 0.7390625 0.44921875 0.024609375 0.023828125
10 0.66796875 0.57734375 0.023828125 0.0234375
15 0.45234375 0.20078125 0.22734375 0.1984375
13 0.57890625 0.24453125 0.0734375 0.06328125
11 0.56171875 0.171875 0.0359375 0.08671875
11 0.559375 0.2078125 0.031640625 0.05625
13 0.48671875 0.08359375 0.0515625 0.034375
11 0.37734375 0.278125 0.030078125 0.06171875
13 0.3234375 0.315625 0.027734375 0.040625
13 0.2609375 0.28125 0.037109375 0.040234375
10 0.2734375 0.20703125 0.093359375 0.082421875
11 0.1515625 0.40703125 0.02265625 0.0375
13 0.17265625 0.26796875 0.0296875 0.0359375
10 0.21484375 0.21640625 0.067578125 0.115625
11 0.26640625 0.62421875 0.023828125 0.051171875
13 0.16328125 0.6125 0.059375 0.041015625
13 0.13515625 0.66953125 0.035546875 0.0390625
13 0.4015625 0.74921875 0.031640625 0.0171875
11 0.28828125 0.6328125 0.023046875 0.044140625
13 0.2921875 0.7328125 0.033984375 0.02734375
13 0.321875 0.715625 0.03125 0.0421875
16 0.3875 0.7109375 0.087109375 0.03984375
13 0.3765625 0.43125 0.050390625 0.04375
12 0.43515625 0.3734375 0.026953125 0.02734375
0 0.5328125 0.3671875 0.01328125 0.0125
0 0.565625 0.2921875 0.009765625 0.0125
0 0.6015625 0.3765625 0.012890625 0.016015625
0 0.21484375 0.46484375 0.0125 0.0125
0 0.18359375 0.446875 0.0125 0.015625
0 0.1546875 0.4625 0.0171875 0.01484375
0 0.2390625 0.58515625 0.01015625 0.013671875
0 0.0796875 0.36015625 0.012109375 0.0125
12 0.04921875 0.5 0.025 0.025
13 0.08203125 0.4109375 0.0421875 0.02734375
10 0.0609375 0.38125 0.062890625 0.037890625
12 0.196875 0.5359375 0.0203125 0.02734375
13 0.3109375 0.1453125 0.03125 0.02890625
12 0.50625 0.58984375 0.01875 0.021875
13 0.56171875 0.54296875 0.06484375 0.0515625
13 0.509375 0.5734375 0.0265625 0.02421875
13 0.48125 0.55 0.06171875 0.03828125
16 0.540625 0.82265625 0.053515625 0.076171875
10 0.10625 0.45 0.055859375 0.04921875
13 0.571875 0.48125 0.025 0.028125
10 0.4609375 0.33828125 0.05625 0.076953125
12 0.59296875 0.421875 0.023828125 0.01953125
13 0.70859375 0.534375 0.041796875 0.03203125
6 0.85234375 0.09609375 0.1453125 0.1921875
13 0.796875 0.07734375 0.025390625 0.048046875
16 0.68671875 0.08984375 0.121875 0.126171875
13 0.72890625 0.08515625 0.028125 0.026171875
15 0.75859375 0.08203125 0.1015625 0.15625
13 0.7875 0.17734375 0.03125 0.03046875
15 0.9359375 0.24140625 0.128125 0.1234375
12 0.79296875 0.5484375 0.0234375 0.021875
15 0.475 0.41953125 0.091015625 0.1015625
12 0.4296875 0.51484375 0.02578125 0.0234375
13 0.41171875 0.32890625 0.030078125 0.032421875
10 0.40234375 0.36171875 0.0375 0.035546875
13 0.55859375 0.415625 0.0828125 0.06015625
13 0.7 0.5671875 0.02421875 0.025390625
13 0.6921875 0.60859375 0.01875 0.016796875
15 0.13359375 0.53046875 0.192578125 0.110546875
16 0.41796875 0.6328125 0.1671875 0.08359375