13 0.9390625 0.18125 0.05234375 0.04296875
13 0.8765625 0.19296875 0.025390625 0.025
13 0.6140625 0.353125 0.05 0.03203125
13 0.56171875 0.33046875 0.040625 0.041796875
10 0.38203125 0.40703125 0.079296875 0.061328125
12 0.721875 0.1984375 0.034375 0.05234375
13 0.78359375 0.14296875 0.035546875 0.046875
13 0.67734375 0.29296875 0.048046875 0.079296875
13 0.68125 0.31953125 0.0796875 0.071875
11 0.1046875 0.63046875 0.1046875 0.0421875
11 0.0890625 0.59921875 0.103515625 0.060546875
10 0.24140625 0.35703125 0.080078125 0.1015625
13 0.1421875 0.46796875 0.078125 0.069921875
13 0.15859375 0.52265625 0.051953125 0.051953125
13 0.21171875 0.67890625 0.0234375 0.023046875
13 0.21171875 0.65546875 0.035546875 0.025
13 0.10859375 0.5375 0.03359375 0.0265625
13 0.07265625 0.4421875 0.03671875 0.034375
11 0.11484375 0.78515625 0.020703125 0.041796875
16 0.06171875 0.7375 0.11328125 0.0484375
13 0.15703125 0.8546875 0.02734375 0.01953125
13 0.109375 0.91015625 0.031640625 0.020703125
0 0.8328125 0.04296875 0.0203125 0.01875
0 0.72734375 0.06796875 0.0171875 0.0203125
12 0.62265625 0.20546875 0.0296875 0.0421875
0 0.1671875 0.37890625 0.012890625 0.015625
0 0.153125 0.390625 0.009765625 0.012890625
13 0.05 0.5125 0.019140625 0.01796875
15 0.10234375 0.7125 0.2046875 0.128515625
10 0.1046875 0.45 0.06875 0.05546875
12 0.5046875 0.28359375 0.027734375 0.028125
0 0.4578125 0.3859375 0.01328125 0.01484375
15 0.940625 0.09140625 0.11796875 0.18203125
15 0.42578125 0.290625 0.2828125 0.196484375
0 0.85234375 0.196875 0.014453125 0.019140625
13 0.76171875 0.18125 0.03125 0.02421875
13 0.77421875 0.0984375 0.0203125 0.031640625
13 0.79296875 0.10390625 0.015625 0.0296875
15 0.41328125 0.46015625 0.2046875 0.138671875
11 0.18828125 0.31953125 0.0453125 0.042578125
13 0.084375 0.35 0.053125 0.04140625