7 0.4734375 0.46171875 0.10234375 0.02890625
9 0.57109375 0.40390625 0.035546875 0.013671875
12 0.503125 0.4296875 0.02734375 0.01171875
9 0.61796875 0.4078125 0.014453125 0.00625
9 0.4875 0.42109375 0.034375 0.01171875
7 0.5453125 0.2953125 0.05390625 0.024609375
8 0.5375 0.31484375 0.034765625 0.007421875
7 0.52109375 0.265625 0.0515625 0.015625
7 0.42265625 0.23515625 0.053125 0.009375
7 0.4265625 0.24296875 0.05234375 0.008203125
7 0.4328125 0.253125 0.07421875 0.01015625
9 0.4015625 0.24453125 0.01328125 0.003125
9 0.375 0.2625 0.012109375 0.003515625
9 0.4359375 0.28203125 0.025 0.00546875
9 0.48125 0.28828125 0.025390625 0.009375
7 0.51015625 0.29296875 0.0234375 0.00703125
9 0.47265625 0.30703125 0.009375 0.001953125
9 0.36015625 0.2859375 0.023046875 0.006640625
7 0.36328125 0.25078125 0.05 0.0109375
9 0.33046875 0.25078125 0.015625 0.004296875
9 0.28828125 0.259375 0.008203125 0.003125
9 0.36328125 0.21484375 0.028125 0.00625
9 0.41171875 0.2046875 0.015625 0.00390625
7 0.72265625 0.240625 0.073828125 0.01328125
7 0.7484375 0.196875 0.0203125 0.00703125
7 0.78515625 0.14140625 0.048046875 0.007421875
7 0.7640625 0.12890625 0.025390625 0.0046875
7 0.759375 0.1171875 0.012890625 0.00625
7 0.3828125 0.0609375 0.03828125 0.00546875
7 0.18203125 0.10078125 0.048828125 0.00625
7 0.01796875 0.0875 0.035546875 0.00625
12 0.04609375 0.146875 0.0125 0.003125
7 0.1140625 0.18671875 0.04609375 0.00625
9 0.16484375 0.18984375 0.017578125 0.004296875
7 0.20234375 0.1890625 0.01875 0.005859375
7 0.2390625 0.44453125 0.03515625 0.011328125
8 0.309375 0.4578125 0.03671875 0.02265625
9 0.72734375 0.4515625 0.0125 0.00390625
7 0.79453125 0.41484375 0.023046875 0.0046875
7 0.8328125 0.44765625 0.018359375 0.00625
9 0.440625 0.3328125 0.025 0.005859375
7 0.1796875 0.30625 0.034375 0.005859375
7 0.2703125 0.35546875 0.053125 0.01953125
7 0.1921875 0.3640625 0.027734375 0.00859375
7 0.19765625 0.33203125 0.023828125 0.0046875
7 0.25859375 0.31015625 0.015625 0.00625
7 0.603125 0.653125 0.093359375 0.041015625