10 0.58515625 0.6640625 0.096875 0.0484375
10 0.4515625 0.46015625 0.103125 0.0296875
12 0.48828125 0.42890625 0.02890625 0.01328125
10 0.546875 0.3953125 0.03359375 0.01171875
11 0.25078125 0.44453125 0.0625 0.015625
11 0.50546875 0.30859375 0.04921875 0.0109375
10 0.52265625 0.28671875 0.0546875 0.02421875
10 0.4984375 0.2578125 0.053125 0.01796875
10 0.4875 0.284375 0.02421875 0.00625
13 0.45703125 0.2796875 0.028125 0.01015625
0 0.4484375 0.2984375 0.009375 0.00390625
13 0.41328125 0.27421875 0.02265625 0.00546875
10 0.40859375 0.2265625 0.05078125 0.01015625
10 0.4140625 0.24453125 0.075 0.0125
10 0.15625 0.35859375 0.02890625 0.009375
10 0.14765625 0.30390625 0.03515625 0.0078125
10 0.11015625 0.17734375 0.0484375 0.0078125
13 0.15859375 0.18203125 0.01875 0.0046875
10 0.0875 0.22734375 0.025 0.00625
10 0.034375 0.07578125 0.0390625 0.00859375
10 0.01484375 0.13984375 0.02890625 0.009375
12 0.0484375 0.1359375 0.0140625 0.0046875
10 0.1984375 0.090625 0.04921875 0.009375
13 0.35078125 0.20625 0.02890625 0.0078125
10 0.71640625 0.234375 0.08359375 0.015625
10 0.81640625 0.3078125 0.05546875 0.028125
10 0.98125 0.2484375 0.03671875 0.01328125
10 0.7453125 0.19140625 0.0296875 0.00859375
10 0.77421875 0.11015625 0.02421875 0.00703125
10 0.78984375 0.13515625 0.04921875 0.00546875
10 0.3984375 0.0515625 0.040625 0.00625
10 0.33203125 0.05234375 0.03046875 0.00390625
10 0.346875 0.24375 0.05625 0.01171875
13 0.4015625 0.196875 0.015625 0.00390625
13 0.33515625 0.28046875 0.0234375 0.00703125
6 0.35859375 0.2546875 0.0125 0.0046875
10 0.4125 0.23515625 0.04765625 0.009375
6 0.40390625 0.265625 0.01328125 0.00625
6 0.1625 0.44453125 0.03515625 0.01015625
6 0.47421875 0.42109375 0.03125 0.01171875
6 0.59609375 0.40078125 0.01875 0.00859375
6 0.92890625 0.3140625 0.01796875 0.00546875
6 0.415625 0.325 0.0265625 0.00546875
10 0.23515625 0.35 0.053125 0.021875
6 0.153125 0.33359375 0.0265625 0.00703125
6 0.1421875 0.27421875 0.01484375 0.00546875
0 0.27109375 0.25234375 0.009375 0.00390625
6 0.19453125 0.18125 0.0203125 0.00703125
6 0.2765625 0.19375 0.05546875 0.009375
0 0.60078125 0.24765625 0.01328125 0.00390625
6 0.95859375 0.2359375 0.0234375 0.00703125
6 0.81484375 0.44296875 0.01875 0.00703125
6 0.71640625 0.4453125 0.01640625 0.00546875
6 0.8640625 0.42734375 0.03203125 0.00703125
6 0.77109375 0.12265625 0.028125 0.0046875