10 0.13046875 0.146875 0.045703125 0.05078125
10 0.1515625 0.1734375 0.052734375 0.046484375
10 0.30234375 0.115625 0.0640625 0.06796875
10 0.42734375 0.2 0.053125 0.059375
13 0.42109375 0.315625 0.045703125 0.027734375
13 0.45234375 0.34296875 0.0328125 0.035546875
0 0.5796875 0.57421875 0.01484375 0.021875
6 0.39765625 0.38984375 0.02265625 0.028125
6 0.40703125 0.175 0.0203125 0.018359375
6 0.23515625 0.15078125 0.014453125 0.016796875
12 0.259375 0.10546875 0.015234375 0.020703125
12 0.2828125 0.071875 0.022265625 0.028125
0 0.228125 0.05859375 0.009375 0.0109375