11 0.4484375 0.384375 0.0421875 0.0375
6 0.4015625 0.3796875 0.03671875 0.02734375
13 0.25546875 0.40703125 0.02578125 0.0234375
6 0.409375 0.66875 0.03359375 0.04140625
6 0.36953125 0.71328125 0.03125 0.03125
13 0.3375 0.80703125 0.0375 0.02890625
12 0.25234375 0.70390625 0.0234375 0.0265625
6 0.27265625 0.7 0.02265625 0.04375
10 0.1421875 0.69609375 0.0546875 0.04921875
10 0.040625 0.61953125 0.06328125 0.0546875
12 0.0328125 0.76015625 0.03046875 0.03046875
6 0.021875 0.7171875 0.015625 0.02109375
6 0.0328125 0.50078125 0.02578125 0.0375
6 0.05703125 0.5875 0.0390625 0.0234375
10 0.13984375 0.403125 0.04765625 0.0375
10 0.31015625 0.359375 0.0390625 0.0328125
10 0.42734375 0.553125 0.059375 0.05390625
13 0.48359375 0.5671875 0.0203125 0.015625
10 0.61640625 0.61953125 0.1515625 0.09921875
6 0.4734375 0.640625 0.0171875 0.021875
16 0.5296875 0.59921875 0.05078125 0.06953125
0 0.50703125 0.471875 0.0078125 0.01015625
6 0.496875 0.3734375 0.0265625 0.0375
6 0.55234375 0.49140625 0.04140625 0.03046875
10 0.37578125 0.5484375 0.0546875 0.04921875
10 0.34453125 0.4859375 0.03828125 0.046875
10 0.38125 0.5078125 0.08203125 0.0640625
10 0.375 0.47109375 0.046875 0.0390625
0 0.4078125 0.43671875 0.00859375 0.00703125
13 0.721875 0.57109375 0.03828125 0.03984375
12 0.72578125 0.6015625 0.02421875 0.02265625
10 0.82734375 0.68671875 0.04140625 0.0578125
13 0.87421875 0.78515625 0.0453125 0.0375
13 0.884375 0.7625 0.040625 0.05078125
13 0.90546875 0.8921875 0.06171875 0.03203125
10 0.9453125 0.94921875 0.04140625 0.03984375
13 0.97578125 0.96640625 0.02578125 0.0375
16 0.94453125 0.96953125 0.0890625 0.0609375
11 0.9796875 0.8921875 0.040625 0.06015625
13 0.9625 0.65078125 0.02265625 0.0296875
6 0.8859375 0.7421875 0.0171875 0.01796875
10 0.896875 0.68828125 0.0421875 0.0625
13 0.76953125 0.6546875 0.03984375 0.04609375
16 0.75625 0.67734375 0.06640625 0.02578125
10 0.7796875 0.70390625 0.0546875 0.0546875
6 0.7078125 0.66796875 0.01484375 0.03515625
6 0.71484375 0.7375 0.0203125 0.01640625
6 0.74921875 0.703125 0.01796875 0.0203125
6 0.73828125 0.7078125 0.0140625 0.01171875
6 0.753125 0.62109375 0.02734375 0.0125
6 0.746875 0.59765625 0.021875 0.0171875
13 0.77734375 0.49296875 0.01953125 0.01796875
6 0.7484375 0.4890625 0.03828125 0.028125
0 0.72734375 0.49609375 0.00703125 0.0078125
12 0.75078125 0.52578125 0.01953125 0.0203125
10 0.74453125 0.52890625 0.08125 0.06015625
6 0.44609375 0.43515625 0.05 0.0328125
0 0.7921875 0.92578125 0.025 0.03203125
0 0.80390625 0.85234375 0.01015625 0.01328125
10 0.8546875 0.859375 0.0328125 0.03515625
6 0.9390625 0.85625 0.046875 0.0390625
6 0.6296875 0.73359375 0.04140625 0.0390625
6 0.515625 0.79765625 0.1015625 0.028125
6 0.3625 0.83046875 0.03125 0.028125
6 0.35234375 0.8421875 0.04140625 0.0546875
6 0.16953125 0.6984375 0.02421875 0.03359375
6 0.14609375 0.80234375 0.01875 0.0171875
6 0.15390625 0.8546875 0.01875 0.01875
6 0.15234375 0.8953125 0.01640625 0.021875
6 0.24609375 0.6484375 0.01875 0.0234375
6 0.28828125 0.5203125 0.02265625 0.0203125
6 0.309375 0.38828125 0.01640625 0.015625
6 0.35390625 0.3609375 0.0140625 0.015625
12 0.3375 0.35234375 0.0140625 0.0140625
0 0.15625 0.48515625 0.01171875 0.01171875
6 0.04921875 0.43984375 0.03671875 0.02734375
6 0.028125 0.4640625 0.01640625 0.01796875
6 0.0375 0.56484375 0.025 0.01875
6 0.05703125 0.56875 0.025 0.0171875
6 0.0609375 0.403125 0.02421875 0.0171875
13 0.64453125 0.4828125 0.0140625 0.01015625
6 0.70546875 0.45546875 0.0203125 0.015625