13 0.0984375 0.34453125 0.046875 0.0359375
13 0.128125 0.32265625 0.06953125 0.084375
11 0.07265625 0.16796875 0.09921875 0.06875
13 0.3125 0.2921875 0.07109375 0.0703125
10 0.29765625 0.48515625 0.05390625 0.08671875
10 0.34140625 0.5640625 0.0703125 0.05
13 0.325 0.15234375 0.028515625 0.033203125
10 0.2859375 0.1296875 0.068359375 0.058984375
6 0.28828125 0.15390625 0.032421875 0.0234375
13 0.49140625 0.5453125 0.040625 0.037890625
10 0.48984375 0.45625 0.064453125 0.047265625
0 0.49453125 0.428125 0.0109375 0.012890625
13 0.3984375 0.484375 0.037890625 0.037890625
3 0.409375 0.25703125 0.037890625 0.0640625
6 0.4515625 0.17265625 0.041015625 0.04375
6 0.4421875 0.22734375 0.099609375 0.061328125
0 0.571875 0.2953125 0.012890625 0.01484375
12 0.56484375 0.334375 0.03203125 0.03515625
13 0.50390625 0.20859375 0.038671875 0.0328125
0 0.52890625 0.34375 0.016796875 0.01796875
6 0.5375 0.26875 0.062109375 0.03125
13 0.6109375 0.20546875 0.025390625 0.029296875
6 0.6625 0.23515625 0.09921875 0.071875
6 0.61484375 0.403125 0.0671875 0.074609375
6 0.6109375 0.30390625 0.037890625 0.065625
6 0.58046875 0.5453125 0.042578125 0.05
13 0.66015625 0.43984375 0.0640625 0.0671875
13 0.725 0.4703125 0.037890625 0.02734375
15 0.8125 0.46796875 0.137890625 0.132421875
6 0.88203125 0.61015625 0.06015625 0.0578125
6 0.79375 0.621875 0.0625 0.040234375
16 0.884375 0.56640625 0.103515625 0.026171875
13 0.9515625 0.6453125 0.04765625 0.025
12 0.98984375 0.35703125 0.01953125 0.05078125
13 0.91875 0.159375 0.02578125 0.024609375
16 0.946875 0.159375 0.10625 0.140625
13 0.8234375 0.18828125 0.028125 0.0484375
13 0.8484375 0.27109375 0.03046875 0.02890625
6 0.56171875 0.596875 0.0265625 0.022265625
6 0.540625 0.6171875 0.053515625 0.024609375
6 0.63125 0.53515625 0.04296875 0.044921875
6 0.67109375 0.49921875 0.03125 0.0453125
12 0.88046875 0.63984375 0.020703125 0.021875
6 0.9171875 0.7171875 0.021484375 0.018359375
0 0.73203125 0.37109375 0.0140625 0.014453125
13 0.234375 0.31640625 0.0234375 0.0234375
6 0.078125 0.70703125 0.030859375 0.03125
10 0.40546875 0.58515625 0.046875 0.0375
6 0.69375 0.55546875 0.096875 0.126953125
15 0.76484375 0.2109375 0.130078125 0.23359375
10 0.52109375 0.30703125 0.086328125 0.0453125
6 0.4453125 0.29765625 0.040625 0.017578125
6 0.8296875 0.646875 0.02734375 0.01875
13 0.91171875 0.540625 0.0296875 0.02578125
6 0.925 0.66953125 0.02109375 0.02265625
0 0.5828125 0.6078125 0.0109375 0.01171875
15 0.55703125 0.48671875 0.059375 0.0640625
6 0.51875 0.47109375 0.012890625 0.017578125
10 0.365625 0.1875 0.159765625 0.099609375
13 0.3625 0.60546875 0.025390625 0.0265625
6 0.73046875 0.54453125 0.05625 0.05625
6 0.8203125 0.58046875 0.0375 0.05078125
13 0.8140625 0.33671875 0.02109375 0.02578125