13 0.0171875 0.80859375 0.02734375 0.045703125
11 0.06875 0.86796875 0.075390625 0.0375
13 0.1359375 0.68984375 0.0375 0.032421875
13 0.17890625 0.690625 0.0625 0.06875
13 0.2453125 0.734375 0.024609375 0.016015625
13 0.3234375 0.74375 0.071484375 0.071875
10 0.27734375 0.89375 0.0609375 0.06328125
10 0.271875 0.865625 0.031640625 0.022265625
13 0.3125 0.8765625 0.021484375 0.034375
10 0.3828125 0.853125 0.07265625 0.07578125
3 0.38203125 0.790625 0.04375 0.0484375
13 0.446875 0.86171875 0.040625 0.04453125
13 0.4796875 0.8140625 0.03125 0.034375
13 0.42109375 0.8015625 0.09375 0.06640625
10 0.50546875 0.7734375 0.061328125 0.02734375
12 0.53828125 0.7171875 0.03359375 0.0328125
0 0.5390625 0.75625 0.015234375 0.01328125
0 0.515625 0.703125 0.015625 0.01328125
13 0.51875 0.52890625 0.04296875 0.03203125
10 0.48671875 0.60859375 0.066796875 0.04375
13 0.58359375 0.834375 0.026953125 0.021875
13 0.659375 0.8359375 0.10546875 0.0875
15 0.65859375 0.590625 0.11171875 0.10703125
15 0.5421875 0.57109375 0.05703125 0.05859375
13 0.57578125 0.65 0.0609375 0.069140625
10 0.65859375 0.68359375 0.064453125 0.083203125
15 0.63125 0.659375 0.06328125 0.072265625
6 0.7828125 0.8640625 0.12890625 0.22734375
0 0.79375 0.9265625 0.012890625 0.02109375
13 0.8328125 0.89375 0.02734375 0.04453125
13 0.90546875 0.90703125 0.0359375 0.034375
16 0.9453125 0.91484375 0.109375 0.1359375
13 0.84765625 0.79453125 0.029296875 0.026171875
15 0.85859375 0.8765625 0.0828125 0.153125
13 0.9234375 0.534375 0.02890625 0.02265625
10 0.81328125 0.52265625 0.03515625 0.04765625
13 0.8265625 0.44140625 0.0578125 0.04296875
12 0.89921875 0.4421875 0.021875 0.025390625
13 0.90859375 0.47578125 0.069921875 0.0609375
13 0.96015625 0.45703125 0.039453125 0.034375
16 0.88515625 0.52109375 0.09609375 0.0390625
10 0.7234375 0.4984375 0.046484375 0.052734375
10 0.58515625 0.4640625 0.045703125 0.025
0 0.49453125 0.6296875 0.0109375 0.0125
10 0.38046875 0.56015625 0.08203125 0.08125
13 0.346875 0.45625 0.025 0.0265625
10 0.39453125 0.48125 0.051953125 0.044140625
13 0.39296875 0.45546875 0.021875 0.01640625
10 0.11484375 0.453125 0.03515625 0.03125
10 0.45078125 0.58046875 0.0328125 0.034375
13 0.82265625 0.35703125 0.020703125 0.019921875
13 0.98984375 0.38203125 0.0203125 0.023046875
13 0.85859375 0.3671875 0.033203125 0.03515625
13 0.8796875 0.4234375 0.025 0.02109375
15 0.93515625 0.41015625 0.1296875 0.0859375
10 0.41328125 0.63828125 0.03515625 0.0375
10 0.20546875 0.79453125 0.025 0.0265625
10 0.3203125 0.8484375 0.059375 0.037109375
10 0.4984375 0.734375 0.08984375 0.04375
13 0.49140625 0.75625 0.023046875 0.025
13 0.57421875 0.75078125 0.041796875 0.070703125
13 0.76171875 0.73125 0.023828125 0.01875
13 0.77734375 0.79609375 0.079296875 0.030078125
0 0.6203125 0.45390625 0.009375 0.0078125
13 0.628125 0.40234375 0.012890625 0.0125
13 0.6078125 0.47265625 0.02890625 0.025
15 0.65390625 0.471875 0.0625 0.06171875
15 0.36484375 0.62578125 0.082421875 0.08125