10 0.94375 0.32265625 0.046484375 0.035546875
6 0.9578125 0.221875 0.021875 0.022265625
13 0.9234375 0.38515625 0.015234375 0.0234375
10 0.76484375 0.30703125 0.045703125 0.044921875
11 0.73515625 0.4046875 0.021875 0.03359375
13 0.84375 0.36015625 0.019140625 0.014453125
13 0.79375 0.3640625 0.021875 0.021484375
10 0.73828125 0.3625 0.045703125 0.059375
6 0.9765625 0.33203125 0.0125 0.0125
6 0.8578125 0.33984375 0.01015625 0.0140625
6 0.91328125 0.33359375 0.009375 0.011328125
10 0.8796875 0.26328125 0.0421875 0.02734375
10 0.87265625 0.2828125 0.0359375 0.024609375
10 0.85859375 0.29921875 0.059375 0.026953125
6 0.765625 0.36171875 0.01328125 0.017578125
0 0.79453125 0.41171875 0.007421875 0.0078125
10 0.6828125 0.20546875 0.049609375 0.035546875
10 0.54375 0.32890625 0.033984375 0.026953125
10 0.56015625 0.3078125 0.032421875 0.030859375
10 0.46484375 0.22734375 0.032421875 0.0328125
12 0.46484375 0.278125 0.014453125 0.015625
12 0.48046875 0.29609375 0.010546875 0.014453125
10 0.45234375 0.3015625 0.0421875 0.03984375
13 0.375 0.44921875 0.03125 0.017578125
13 0.35390625 0.46953125 0.017578125 0.021875
13 0.325 0.45234375 0.018359375 0.025
6 0.40078125 0.49453125 0.014453125 0.0140625
10 0.36953125 0.365625 0.0359375 0.04375
6 0.4359375 0.4078125 0.0125 0.012890625
6 0.49765625 0.32734375 0.0109375 0.013671875
16 0.53671875 0.19296875 0.02734375 0.03828125
6 0.9265625 0.1796875 0.0125 0.012109375
6 0.84453125 0.5 0.01953125 0.01875
12 0.83046875 0.66015625 0.021875 0.028125
6 0.8609375 0.6828125 0.03515625 0.034375
6 0.7265625 0.61640625 0.025 0.035546875
6 0.69296875 0.59140625 0.0109375 0.016796875
10 0.82578125 0.7640625 0.083203125 0.094140625
0 0.72109375 0.26171875 0.0078125 0.0109375
0 0.2640625 0.6609375 0.009375 0.015625