10 0.81875 0.75703125 0.0875 0.089453125
10 0.7265625 0.31953125 0.04609375 0.041796875
10 0.703125 0.37578125 0.04609375 0.06328125
11 0.7078125 0.421875 0.021484375 0.037109375
13 0.76015625 0.37265625 0.021875 0.02421875
13 0.809375 0.36484375 0.019140625 0.016796875
0 0.76796875 0.421875 0.008203125 0.0125
6 0.73125 0.37265625 0.015234375 0.0203125
10 0.5171875 0.328125 0.0328125 0.03671875
10 0.50390625 0.35234375 0.032421875 0.030078125
10 0.40546875 0.3265625 0.0453125 0.040625
13 0.34140625 0.49453125 0.03359375 0.021875
13 0.28671875 0.49765625 0.021875 0.028125
13 0.32109375 0.51875 0.017578125 0.02578125
6 0.37734375 0.54296875 0.01484375 0.01796875
6 0.34296875 0.378125 0.014453125 0.01328125
6 0.45546875 0.3546875 0.0125 0.015234375
12 0.434375 0.31953125 0.012109375 0.0171875
12 0.41484375 0.30078125 0.0171875 0.01796875
10 0.40703125 0.24296875 0.038671875 0.040625
16 0.47890625 0.203125 0.0328125 0.04140625
6 0.50234375 0.1875 0.017578125 0.015625
10 0.628125 0.215625 0.0515625 0.03828125
12 0.821875 0.659375 0.021875 0.03046875
6 0.82578125 0.5078125 0.01953125 0.02578125
6 0.72421875 0.6375 0.0265625 0.034375
13 0.8890625 0.38125 0.016015625 0.01953125
10 0.90234375 0.31953125 0.044921875 0.0359375
10 0.815625 0.30390625 0.06171875 0.0296875
10 0.8296875 0.2859375 0.040625 0.024609375
10 0.8328125 0.265625 0.0421875 0.02265625
6 0.81953125 0.34140625 0.010546875 0.0140625
6 0.87265625 0.33203125 0.009375 0.01171875
6 0.85859375 0.29765625 0.0078125 0.0109375
6 0.93359375 0.325 0.011328125 0.0125
6 0.903125 0.2171875 0.02265625 0.0171875
6 0.86640625 0.1765625 0.0125 0.008984375
6 0.621875 0.665625 0.009765625 0.0125
6 0.690625 0.61875 0.0125 0.0140625
6 0.4015625 0.44453125 0.0125 0.015625
0 0.240625 0.74609375 0.01171875 0.016796875