13 0.7390625 0.3796875 0.028125 0.028125
0 0.83359375 0.459375 0.0125 0.0125
10 0.84921875 0.38046875 0.048046875 0.039453125
6 0.94140625 0.4140625 0.035546875 0.028125
6 0.96171875 0.43984375 0.01796875 0.01640625
6 0.95625 0.47578125 0.02890625 0.03828125
13 0.9828125 0.37578125 0.03359375 0.016796875
13 0.93515625 0.5359375 0.013671875 0.012109375
10 0.94921875 0.59296875 0.0625 0.053125
6 0.93125 0.56171875 0.040625 0.0203125
6 0.7625 0.525 0.021875 0.025390625
6 0.74375 0.6203125 0.01875 0.021875
12 0.73828125 0.6765625 0.021875 0.02421875
6 0.7171875 0.67109375 0.024609375 0.042578125
10 0.8421875 0.6703125 0.065625 0.04765625
13 0.84296875 0.7734375 0.019921875 0.016015625
6 0.834375 0.82578125 0.022265625 0.019921875
6 0.83671875 0.865625 0.016796875 0.021875
6 0.8609375 0.7234375 0.021484375 0.02265625
13 0.65234375 0.7765625 0.0359375 0.02734375
6 0.63359375 0.80390625 0.045703125 0.066796875
6 0.61796875 0.68671875 0.03125 0.02578125
6 0.58046875 0.6421875 0.032421875 0.04140625
10 0.61640625 0.478125 0.1 0.07578125
10 0.615625 0.52421875 0.049609375 0.046875
13 0.6 0.5234375 0.024609375 0.021875
6 0.56328125 0.528125 0.058203125 0.053125
6 0.5421875 0.5109375 0.022265625 0.019140625
0 0.584375 0.4125 0.00703125 0.009375
6 0.546875 0.409375 0.052734375 0.03203125
11 0.54453125 0.359375 0.045703125 0.03828125
6 0.590625 0.35390625 0.041015625 0.0328125
6 0.68203125 0.36171875 0.0140625 0.0140625
6 0.64140625 0.33671875 0.01875 0.01640625
10 0.6890625 0.3359375 0.047265625 0.03515625
12 0.759375 0.2875 0.012109375 0.012890625
6 0.49609375 0.346875 0.028125 0.030859375
0 0.48359375 0.44765625 0.009375 0.010546875
13 0.5015625 0.4609375 0.0125 0.01015625
13 0.5078125 0.540625 0.021875 0.01484375
6 0.51484375 0.61171875 0.01484375 0.01875
6 0.4390625 0.46484375 0.040625 0.02890625
16 0.4609375 0.57109375 0.05234375 0.066796875
10 0.45078125 0.37421875 0.053125 0.066796875
6 0.44375 0.32734375 0.019140625 0.011328125
6 0.40078125 0.3984375 0.026171875 0.02265625
10 0.371875 0.59921875 0.158984375 0.101953125
13 0.26953125 0.546875 0.040625 0.041015625
0 0.2921875 0.61953125 0.01328125 0.01640625
12 0.265625 0.57578125 0.025 0.0234375
6 0.284375 0.64140625 0.01328125 0.035546875
6 0.27734375 0.709375 0.02109375 0.0171875
6 0.24140625 0.67890625 0.0171875 0.020703125
6 0.2734375 0.6875 0.02265625 0.01875
6 0.25390625 0.68203125 0.01484375 0.0125
13 0.2125 0.465625 0.021484375 0.01875
0 0.25390625 0.490625 0.0109375 0.01015625
0 0.26484375 0.4703125 0.005078125 0.006640625
10 0.24609375 0.5046875 0.0859375 0.05859375
13 0.165625 0.66171875 0.04375 0.054296875
13 0.19296875 0.6453125 0.019921875 0.031640625
13 0.18984375 0.6265625 0.0109375 0.018359375
6 0.1609375 0.63984375 0.025 0.0296875
13 0.10546875 0.73828125 0.039453125 0.05
13 0.11875 0.76015625 0.04453125 0.0421875
6 0.13828125 0.8328125 0.034375 0.037109375
13 0.08671875 0.86328125 0.0609375 0.036328125
13 0.04609375 0.92890625 0.029296875 0.026953125
13 0.015625 0.94296875 0.027734375 0.0390625
11 0.01796875 0.86875 0.035546875 0.066015625
6 0.05234375 0.82734375 0.04375 0.0359375
6 0.04453125 0.87109375 0.01484375 0.0203125
0 0.190625 0.8265625 0.01171875 0.012109375
6 0.18359375 0.71953125 0.01796875 0.01875
13 0.4265625 0.94921875 0.019140625 0.0265625
6 0.471875 0.7703125 0.09375 0.0234375
6 0.590625 0.85 0.01484375 0.0125
13 0.965625 0.690625 0.01640625 0.02109375
12 0.95625 0.7328125 0.03046875 0.02578125
13 0.02421875 0.62109375 0.025 0.025
13 0.0625 0.6859375 0.01328125 0.016015625
6 0.08515625 0.67421875 0.025 0.03828125
6 0.10234375 0.64296875 0.02734375 0.03046875
6 0.12734375 0.65390625 0.014453125 0.0140625
0 0.12734375 0.51640625 0.009375 0.00859375
12 0.21875 0.41953125 0.009765625 0.0109375
6 0.24140625 0.4640625 0.039453125 0.028515625
6 0.296875 0.43671875 0.024609375 0.017578125
6 0.284375 0.42890625 0.021484375 0.017578125
6 0.29609375 0.415625 0.029296875 0.025
12 0.23828125 0.5015625 0.01953125 0.0203125
13 0.221875 0.62890625 0.040234375 0.0453125
6 0.2390625 0.5953125 0.028515625 0.01640625
6 0.26171875 0.5984375 0.013671875 0.0125
10 0.26015625 0.6296875 0.04375 0.062109375
10 0.2125 0.68125 0.06015625 0.0546875
0 0.2015625 0.896875 0.028125 0.03203125
16 0.04765625 0.9484375 0.0890625 0.06640625
6 0.08359375 0.9515625 0.0625 0.056640625
6 0.20703125 0.5578125 0.01796875 0.0109375
10 0.65234375 0.41953125 0.0640625 0.03125
6 0.7015625 0.49453125 0.028125 0.021875
6 0.940625 0.63125 0.027734375 0.03125
6 0.75859375 0.9546875 0.017578125 0.018359375
6 0.484375 0.7234375 0.015234375 0.012890625
6 0.4671875 0.525 0.01875 0.01875
6 0.48046875 0.47578125 0.02421875 0.0203125
10 0.3921875 0.42109375 0.0390625 0.03359375