11 0.03828125 0.10078125 0.045703125 0.0796875
0 0.06484375 0.05078125 0.01484375 0.01796875
0 0.1078125 0.165625 0.01484375 0.028125
10 0.12421875 0.31015625 0.071875 0.07265625
13 0.05 0.30390625 0.0359375 0.03984375
13 0.06640625 0.3984375 0.0953125 0.069140625
11 0.43828125 0.578125 0.0359375 0.072265625
11 0.4734375 0.55546875 0.03359375 0.075
13 0.3375 0.26796875 0.0671875 0.0578125
13 0.41328125 0.11953125 0.04140625 0.05390625
13 0.49921875 0.0765625 0.053125 0.050390625
12 0.56640625 0.4359375 0.0328125 0.04140625
11 0.64453125 0.27109375 0.029296875 0.060546875
13 0.62109375 0.55078125 0.08046875 0.0546875
13 0.73828125 0.284375 0.051171875 0.047265625
12 0.765625 0.4109375 0.03203125 0.033984375
10 0.696875 0.2453125 0.058984375 0.05859375
10 0.70078125 0.33515625 0.06953125 0.05
0 0.74453125 0.21953125 0.016796875 0.014453125
13 0.653125 0.63125 0.046875 0.053515625
11 0.33359375 0.05703125 0.04375 0.078125
0 0.17578125 0.36484375 0.0171875 0.023046875
13 0.14375 0.453125 0.043359375 0.033984375
13 0.275 0.7109375 0.043359375 0.025390625
10 0.84453125 0.509375 0.051953125 0.059765625
0 0.55390625 0.34609375 0.014453125 0.017578125
0 0.6046875 0.31484375 0.015625 0.017578125
13 0.61171875 0.3578125 0.034375 0.03515625
0 0.6328125 0.34296875 0.02265625 0.0203125
13 0.94375 0.36328125 0.087109375 0.039453125
10 0.9203125 0.409375 0.083984375 0.062109375
10 0.77109375 0.2484375 0.0703125 0.04765625
10 0.9453125 0.7140625 0.07265625 0.047265625
13 0.9078125 0.8140625 0.0421875 0.0390625
13 0.81953125 0.83984375 0.0609375 0.03828125
0 0.75859375 0.678125 0.0140625 0.015625
0 0.5109375 0.509375 0.012890625 0.01328125
12 0.615625 0.265625 0.030859375 0.034765625
13 0.7890625 0.18125 0.11171875 0.0703125
12 0.25078125 0.1828125 0.038671875 0.034375
15 0.03046875 0.25546875 0.060546875 0.273046875
6 0.07421875 0.2234375 0.1171875 0.09765625
10 0.2234375 0.1234375 0.08359375 0.093359375
13 0.28671875 0.125 0.0359375 0.0390625
13 0.23359375 0.1296875 0.0234375 0.025390625
13 0.2546875 0.28671875 0.0390625 0.025
13 0.1875 0.428125 0.084375 0.04921875
12 0.1421875 0.47578125 0.025390625 0.026171875
15 0.06875 0.49296875 0.137109375 0.1484375
16 0.30546875 0.66328125 0.113671875 0.060546875
16 0.2828125 0.546875 0.234375 0.094140625
10 0.5625 0.84609375 0.0421875 0.04375
10 0.54921875 0.39375 0.0484375 0.046875
11 0.85546875 0.85078125 0.025 0.05546875
15 0.6671875 0.43671875 0.20234375 0.16015625
15 0.6046875 0.06484375 0.18125 0.1296875
15 0.215625 0.0453125 0.253125 0.090625
15 0.26640625 0.271875 0.2625 0.250390625
10 0.50625 0.8171875 0.044140625 0.02890625
13 0.43828125 0.6953125 0.04375 0.040625
13 0.36328125 0.390625 0.0203125 0.072265625
10 0.859375 0.2578125 0.04296875 0.04375
10 0.228125 0.71484375 0.037109375 0.032421875