10 0.434375 0.403125 0.075390625 0.062890625
12 0.378125 0.490625 0.0140625 0.0296875
6 0.33125 0.38671875 0.028125 0.038671875
6 0.44765625 0.46875 0.030078125 0.016015625
6 0.3109375 0.56953125 0.02265625 0.014453125
0 0.16015625 0.59921875 0.009375 0.01328125
11 0.08515625 0.525 0.0515625 0.02421875
10 0.0546875 0.57109375 0.08359375 0.064453125
10 0.065625 0.6078125 0.025 0.01875
13 0.1109375 0.640625 0.02734375 0.03203125
10 0.06328125 0.6671875 0.0546875 0.053515625
13 0.1703125 0.70234375 0.021484375 0.01875
10 0.1671875 0.828125 0.043359375 0.027734375
10 0.1625 0.80234375 0.037890625 0.020703125
10 0.153125 0.7734375 0.065234375 0.040234375
10 0.221875 0.815625 0.04453125 0.027734375
6 0.203125 0.79296875 0.009375 0.010546875
6 0.24921875 0.825 0.010546875 0.01171875
13 0.25625 0.75859375 0.019140625 0.013671875
6 0.17265625 0.73515625 0.011328125 0.011328125
0 0.303125 0.8375 0.005859375 0.005859375
6 0.1984375 0.93203125 0.021484375 0.0140625
6 0.1609375 0.9640625 0.0125 0.01015625
10 0.3671875 0.9421875 0.021875 0.02109375
6 0.64609375 0.1953125 0.02109375 0.01953125
6 0.63203125 0.39765625 0.020703125 0.03125
11 0.76640625 0.51015625 0.045703125 0.040625
15 0.37265625 0.73671875 0.021875 0.0265625
15 0.39453125 0.80390625 0.01875 0.03359375
6 0.4328125 0.775 0.02109375 0.01953125
13 0.47421875 0.73359375 0.01640625 0.0125
6 0.50625 0.7234375 0.018359375 0.012109375
6 0.26640625 0.378125 0.015625 0.019140625
6 0.27890625 0.29296875 0.010546875 0.014453125
6 0.6078125 0.66796875 0.016015625 0.0234375
6 0.68046875 0.8359375 0.023046875 0.015234375