10 0.490625 0.66875 0.07578125 0.0640625
12 0.55546875 0.5828125 0.0140625 0.03046875
11 0.8390625 0.55859375 0.05078125 0.03203125
13 0.80546875 0.44140625 0.02421875 0.0265625
10 0.85625 0.47890625 0.02265625 0.0171875
10 0.86171875 0.5125 0.084375 0.0640625
13 0.73671875 0.378125 0.01875 0.01640625
10 0.7578125 0.3109375 0.046875 0.0390625
10 0.67265625 0.26484375 0.0171875 0.015625
10 0.7140625 0.26171875 0.0671875 0.03515625
10 0.73046875 0.284375 0.0390625 0.02265625
13 0.65546875 0.3203125 0.01796875 0.015625
11 0.12578125 0.40390625 0.0375 0.03359375
13 0.2796875 0.7234375 0.021875 0.03125
6 0.4734375 0.32578125 0.015625 0.0203125
15 0.54375 0.35859375 0.02265625 0.0203125
6 0.5734375 0.6828125 0.02890625 0.03984375
6 0.459375 0.6109375 0.02890625 0.02421875
6 0.5921875 0.51484375 0.0234375 0.0140625
6 0.64921875 0.6796875 0.0140625 0.0171875
6 0.6265625 0.76171875 0.01015625 0.015625
0 0.7625 0.48515625 0.00859375 0.01171875
6 0.728125 0.34609375 0.0125 0.0140625
6 0.7 0.16015625 0.02265625 0.01640625
6 0.73046875 0.12578125 0.01328125 0.00859375
10 0.50390625 0.06484375 0.02890625 0.01640625
13 0.5484375 0.0546875 0.0109375 0.009375
6 0.3890625 0.16875 0.01796875 0.0125
6 0.28984375 0.4265625 0.01796875 0.0234375
16 0.26875 0.128125 0.04921875 0.01875
10 0.93125 0.3375 0.06796875 0.0515625
10 0.83046875 0.41484375 0.0609375 0.04921875
0 0.8625 0.4046875 0.00859375 0.0109375
6 0.70234375 0.28984375 0.009375 0.01328125
6 0.66640625 0.2578125 0.009375 0.0109375
6 0.2765625 0.9234375 0.01796875 0.0234375