13 0.2609375 0.3796875 0.028125 0.028125
0 0.16640625 0.459375 0.0125 0.0125
10 0.15078125 0.38046875 0.04765625 0.03984375
6 0.05859375 0.4140625 0.03515625 0.028125
6 0.03828125 0.43984375 0.01796875 0.01640625
6 0.04375 0.47578125 0.02890625 0.03828125
13 0.0171875 0.37578125 0.0328125 0.01640625
13 0.06484375 0.5359375 0.01328125 0.01171875
10 0.05078125 0.59296875 0.0625 0.053125
6 0.06875 0.56171875 0.040625 0.0203125
6 0.2375 0.525 0.021875 0.02578125
6 0.25625 0.6203125 0.01875 0.021875
12 0.26171875 0.6765625 0.021875 0.02421875
6 0.2828125 0.67109375 0.02421875 0.04296875
10 0.1578125 0.6703125 0.065625 0.04765625
13 0.15703125 0.7734375 0.01953125 0.01640625
6 0.165625 0.82578125 0.02265625 0.01953125
6 0.16328125 0.865625 0.01640625 0.021875
6 0.1390625 0.7234375 0.02109375 0.0234375
13 0.34765625 0.7765625 0.0359375 0.0265625
6 0.36640625 0.80390625 0.04609375 0.06640625
6 0.38203125 0.68671875 0.03125 0.02578125
6 0.41953125 0.6421875 0.03203125 0.0421875
10 0.38359375 0.478125 0.1 0.0765625
10 0.384375 0.52421875 0.04921875 0.046875
13 0.4 0.5234375 0.02421875 0.021875
6 0.43671875 0.528125 0.05859375 0.053125
6 0.4578125 0.5109375 0.02265625 0.01953125
0 0.415625 0.4125 0.0078125 0.009375
6 0.453125 0.409375 0.05234375 0.0328125
11 0.45546875 0.359375 0.04609375 0.0390625
6 0.409375 0.35390625 0.04140625 0.0328125
6 0.31796875 0.36171875 0.0140625 0.0140625
6 0.35859375 0.33671875 0.01875 0.01640625
10 0.3109375 0.3359375 0.04765625 0.0359375
12 0.240625 0.2875 0.01171875 0.01328125
6 0.50390625 0.346875 0.028125 0.03046875
0 0.51640625 0.44765625 0.009375 0.01015625
13 0.4984375 0.4609375 0.0125 0.0109375
13 0.4921875 0.540625 0.021875 0.01484375
6 0.48515625 0.61171875 0.01484375 0.01875
6 0.5609375 0.46484375 0.040625 0.02890625
16 0.5390625 0.57109375 0.0515625 0.06640625
10 0.54921875 0.37421875 0.053125 0.06640625
6 0.55625 0.32734375 0.01953125 0.01171875
6 0.59921875 0.3984375 0.02578125 0.0234375
10 0.628125 0.59921875 0.15859375 0.10234375
13 0.73046875 0.546875 0.040625 0.04140625
0 0.7078125 0.61953125 0.01328125 0.01640625
12 0.734375 0.57578125 0.025 0.0234375
6 0.715625 0.64140625 0.0140625 0.03515625
6 0.72265625 0.709375 0.02109375 0.0171875
6 0.75859375 0.67890625 0.0171875 0.02109375
6 0.7265625 0.6875 0.0234375 0.01875
6 0.74609375 0.68203125 0.01484375 0.0125
13 0.7875 0.465625 0.02109375 0.01875
0 0.74609375 0.490625 0.0109375 0.01015625
0 0.73515625 0.4703125 0.00546875 0.00703125
10 0.75390625 0.5046875 0.0859375 0.0578125
13 0.834375 0.66171875 0.04375 0.05390625
13 0.80703125 0.6453125 0.01953125 0.03203125
13 0.81015625 0.6265625 0.0109375 0.01796875
6 0.8390625 0.63984375 0.025 0.0296875
13 0.89453125 0.73828125 0.03984375 0.05
13 0.88125 0.76015625 0.04453125 0.0421875
6 0.86171875 0.8328125 0.034375 0.03671875
13 0.91328125 0.86328125 0.0609375 0.03671875
13 0.95390625 0.92890625 0.02890625 0.02734375
13 0.984375 0.94296875 0.02734375 0.0390625
11 0.98203125 0.86875 0.03515625 0.06640625
6 0.94765625 0.82734375 0.04375 0.0359375
6 0.95546875 0.87109375 0.01484375 0.0203125
0 0.809375 0.8265625 0.0109375 0.01171875
6 0.81640625 0.71953125 0.01796875 0.01875
13 0.5734375 0.94921875 0.01953125 0.0265625
6 0.528125 0.7703125 0.09375 0.0234375
6 0.409375 0.85 0.01484375 0.0125
13 0.034375 0.690625 0.01640625 0.02109375
12 0.04375 0.7328125 0.03046875 0.02578125
13 0.97578125 0.62109375 0.025 0.025
13 0.9375 0.6859375 0.0140625 0.01640625
6 0.91484375 0.67421875 0.025 0.03828125
6 0.89765625 0.64296875 0.02734375 0.03046875
6 0.87265625 0.65390625 0.01484375 0.0140625
0 0.87265625 0.51640625 0.009375 0.00859375
12 0.78125 0.41953125 0.01015625 0.0109375
6 0.75859375 0.4640625 0.03984375 0.02890625
6 0.703125 0.43671875 0.02421875 0.01796875
6 0.715625 0.42890625 0.02109375 0.01796875
6 0.70390625 0.415625 0.02890625 0.025
12 0.76171875 0.5015625 0.01953125 0.0203125
13 0.778125 0.62890625 0.03984375 0.0453125
6 0.7609375 0.5953125 0.02890625 0.0171875
6 0.73828125 0.5984375 0.01328125 0.0125
10 0.73984375 0.6296875 0.04375 0.06171875
10 0.7875 0.68125 0.06015625 0.0546875
0 0.7984375 0.896875 0.028125 0.0328125
16 0.95234375 0.9484375 0.0890625 0.0671875
6 0.91640625 0.9515625 0.0625 0.05703125
6 0.79296875 0.5578125 0.01796875 0.0109375
10 0.34765625 0.41953125 0.0640625 0.03125
6 0.2984375 0.49453125 0.028125 0.021875
6 0.059375 0.63125 0.02734375 0.03125
6 0.24140625 0.9546875 0.01796875 0.01796875
6 0.515625 0.7234375 0.01484375 0.01328125
6 0.5328125 0.525 0.01875 0.01875
6 0.51953125 0.47578125 0.02421875 0.0203125
10 0.6078125 0.42109375 0.0390625 0.03359375