10 0.509375 0.33125 0.075390625 0.06328125
12 0.44453125 0.4171875 0.0140625 0.030859375
11 0.1609375 0.44140625 0.05078125 0.03203125
13 0.19453125 0.55859375 0.023828125 0.0265625
10 0.14375 0.52109375 0.02265625 0.0171875
10 0.13828125 0.4875 0.084375 0.06328125
13 0.26328125 0.621875 0.01875 0.016015625
10 0.2421875 0.6890625 0.046875 0.03984375
10 0.32734375 0.73515625 0.0171875 0.015625
10 0.2859375 0.73828125 0.0671875 0.03515625
10 0.26953125 0.715625 0.0390625 0.022265625
13 0.34453125 0.6796875 0.017578125 0.015625
11 0.87421875 0.59609375 0.0375 0.033203125
13 0.7203125 0.2765625 0.021875 0.03125
6 0.5265625 0.67421875 0.015625 0.0203125
15 0.45625 0.64140625 0.022265625 0.0203125
6 0.4265625 0.3171875 0.028515625 0.040234375
6 0.540625 0.3890625 0.028515625 0.024609375
6 0.4078125 0.48515625 0.02265625 0.0140625
6 0.35078125 0.3203125 0.0140625 0.0171875
6 0.3734375 0.23828125 0.01015625 0.015625
0 0.2375 0.51484375 0.008984375 0.011328125
6 0.271875 0.65390625 0.0125 0.0140625
6 0.3 0.83984375 0.022265625 0.016796875
6 0.26953125 0.87421875 0.013671875 0.008203125
10 0.49609375 0.93515625 0.029296875 0.016796875
13 0.4515625 0.9453125 0.0109375 0.009375
6 0.6109375 0.83125 0.018359375 0.0125
6 0.71015625 0.5734375 0.017578125 0.02265625
16 0.73125 0.871875 0.04921875 0.01875
10 0.06875 0.6625 0.068359375 0.05078125
10 0.16953125 0.58515625 0.0609375 0.04921875
0 0.1375 0.5953125 0.008984375 0.01015625
6 0.29765625 0.71015625 0.009375 0.01328125
6 0.33359375 0.7421875 0.009375 0.0109375
6 0.7234375 0.0765625 0.01796875 0.0234375