10 0.18125 0.24296875 0.0875 0.089453125
10 0.2734375 0.68046875 0.04609375 0.041796875
10 0.296875 0.62421875 0.046484375 0.063671875
11 0.2921875 0.578125 0.021484375 0.037109375
13 0.23984375 0.62734375 0.021875 0.023828125
13 0.190625 0.63515625 0.01953125 0.01640625
0 0.23203125 0.578125 0.00859375 0.0125
6 0.26875 0.62734375 0.015234375 0.0203125
10 0.4828125 0.671875 0.03359375 0.037109375
10 0.49609375 0.64765625 0.032421875 0.030078125
10 0.59453125 0.6734375 0.0453125 0.040625
13 0.65859375 0.50546875 0.033203125 0.021875
13 0.71328125 0.50234375 0.021875 0.028125
13 0.67890625 0.48125 0.017578125 0.02578125
6 0.62265625 0.45703125 0.014453125 0.017578125
6 0.65703125 0.621875 0.014453125 0.01328125
6 0.54453125 0.6453125 0.0125 0.015234375
12 0.565625 0.68046875 0.012109375 0.0171875
12 0.58515625 0.69921875 0.0171875 0.01796875
10 0.59296875 0.75703125 0.038671875 0.040625
16 0.52109375 0.796875 0.0328125 0.041015625
6 0.49765625 0.8125 0.01796875 0.015625
10 0.371875 0.784375 0.05078125 0.037890625
12 0.178125 0.340625 0.021875 0.03046875
6 0.17421875 0.4921875 0.019921875 0.025390625
6 0.27578125 0.3625 0.0265625 0.034375
13 0.1109375 0.61875 0.016015625 0.01953125
10 0.09765625 0.68046875 0.044921875 0.0359375
10 0.184375 0.69609375 0.06171875 0.0296875
10 0.1703125 0.7140625 0.040625 0.024609375
10 0.1671875 0.734375 0.04140625 0.022265625
6 0.18046875 0.65859375 0.01015625 0.0140625
6 0.12734375 0.66796875 0.009375 0.011328125
6 0.14140625 0.70234375 0.0078125 0.0109375
6 0.06640625 0.675 0.011328125 0.0125
6 0.096875 0.7828125 0.022265625 0.01640625
6 0.13359375 0.8234375 0.0125 0.008984375
6 0.378125 0.334375 0.009765625 0.0125
6 0.309375 0.38125 0.0125 0.0140625
6 0.5984375 0.55546875 0.0125 0.015625
0 0.759375 0.25390625 0.01171875 0.016796875