13 0.15390625 0.67578125 0.06328125 0.06875
13 0.11171875 0.67578125 0.03828125 0.0328125
13 0.2203125 0.72109375 0.02265625 0.01875
13 0.29453125 0.7296875 0.07734375 0.0671875
3 0.35703125 0.77421875 0.0453125 0.05
11 0.04375 0.85546875 0.0859375 0.0359375
15 0.628125 0.57890625 0.11171875 0.11015625
15 0.5171875 0.55703125 0.05703125 0.0609375
16 0.85703125 0.51015625 0.09453125 0.04375
10 0.7859375 0.5125 0.03515625 0.05
10 0.80234375 0.42890625 0.059375 0.040625
13 0.8828125 0.465625 0.0734375 0.05859375
13 0.93125 0.4453125 0.040625 0.034375
12 0.87421875 0.43046875 0.021875 0.028125
12 0.9671875 0.71171875 0.028125 0.03828125
16 0.9296875 0.89765625 0.1375 0.14296875
6 0.75390625 0.84609375 0.13046875 0.22265625
13 0.74921875 0.7796875 0.07734375 0.02578125
13 0.878125 0.8859375 0.0359375 0.03828125
13 0.8015625 0.87578125 0.02734375 0.046875
13 0.81796875 0.77734375 0.0296875 0.0265625
13 0.55546875 0.8171875 0.02421875 0.02109375
13 0.63125 0.81953125 0.10546875 0.0859375
10 0.36171875 0.83515625 0.0859375 0.08203125
13 0.39453125 0.7859375 0.09609375 0.06796875
13 0.4515625 0.7984375 0.028125 0.0328125
10 0.47734375 0.75625 0.0609375 0.028125
0 0.5109375 0.740625 0.01328125 0.015625
10 0.51015625 0.70234375 0.0328125 0.03515625
10 0.47421875 0.71953125 0.075 0.03828125
10 0.2453125 0.87890625 0.0796875 0.0703125
10 0.24609375 0.8484375 0.0296875 0.021875
13 0.28671875 0.8609375 0.0203125 0.0328125
13 0.3234375 0.44453125 0.025 0.02578125
10 0.35859375 0.54921875 0.07890625 0.08828125
10 0.4609375 0.59453125 0.06484375 0.04140625
13 0.49140625 0.5171875 0.03828125 0.03203125
10 0.4234375 0.56640625 0.0296875 0.0328125
10 0.36953125 0.4703125 0.05078125 0.0421875
13 0.546875 0.6375 0.0625 0.0703125
0 0.4890625 0.6875 0.0140625 0.01328125
13 0.96640625 0.36953125 0.0203125 0.01953125
10 0.6984375 0.48671875 0.04375 0.05078125
13 0.55 0.50078125 0.04765625 0.03984375
13 0.546875 0.7359375 0.03984375 0.0671875
13 0.4015625 0.73125 0.04375 0.0265625
13 0.41953125 0.84609375 0.040625 0.04375
10 0.090625 0.44453125 0.03828125 0.034375
13 0.3671875 0.44453125 0.0234375 0.0203125
15 0.59921875 0.47890625 0.13203125 0.08828125
15 0.884375 0.40234375 0.17265625 0.08125
13 0.79921875 0.346875 0.01953125 0.0171875
10 0.6265625 0.6796875 0.05625 0.06640625
15 0.603125 0.65234375 0.0625 0.06484375
15 0.3703125 0.6203125 0.1375 0.06796875
10 0.46796875 0.634375 0.084375 0.05625
10 0.1796875 0.7796875 0.0265625 0.0265625
13 0.475 0.80546875 0.03203125 0.02734375