11 0.58046875 0.66484375 0.032421875 0.063671875
12 0.63984375 0.7125 0.025 0.040625
15 0.53671875 0.66953125 0.026171875 0.036328125
10 0.5203125 0.5203125 0.0515625 0.0453125
0 0.4875 0.49296875 0.012890625 0.0171875
15 0.96171875 0.6390625 0.076171875 0.118359375
10 0.9375 0.56015625 0.04921875 0.04921875
13 0.84140625 0.48203125 0.05859375 0.04140625
12 0.76953125 0.4671875 0.021875 0.0265625
16 0.77109375 0.5421875 0.0890625 0.05078125
10 0.8375 0.55859375 0.037890625 0.0484375
13 0.7390625 0.55078125 0.02421875 0.02421875
10 0.66796875 0.42265625 0.02421875 0.0234375
15 0.45234375 0.79921875 0.226953125 0.1984375
13 0.57890625 0.75546875 0.0734375 0.063671875
11 0.56171875 0.828125 0.0359375 0.08671875
11 0.559375 0.7921875 0.03203125 0.05625
13 0.48671875 0.91640625 0.0515625 0.034375
11 0.37734375 0.721875 0.03046875 0.0609375
13 0.3234375 0.684375 0.027734375 0.040625
13 0.2609375 0.71875 0.037109375 0.040234375
10 0.2734375 0.79296875 0.09296875 0.08203125
11 0.1515625 0.59296875 0.02265625 0.0375
13 0.17265625 0.73203125 0.0296875 0.0359375
10 0.21484375 0.78359375 0.06796875 0.115625
11 0.26640625 0.37578125 0.023828125 0.051171875
13 0.16328125 0.3875 0.059375 0.041015625
13 0.13515625 0.33046875 0.035546875 0.0390625
13 0.4015625 0.25078125 0.03203125 0.0171875
11 0.28828125 0.3671875 0.023046875 0.044140625
13 0.2921875 0.2671875 0.033984375 0.02734375
13 0.321875 0.284375 0.03125 0.04296875
16 0.3875 0.2890625 0.087109375 0.03984375
13 0.3765625 0.56875 0.050390625 0.04375
12 0.43515625 0.6265625 0.026953125 0.02734375
0 0.5328125 0.6328125 0.012890625 0.0125
0 0.565625 0.7078125 0.009765625 0.0125
0 0.6015625 0.6234375 0.01328125 0.01640625
0 0.21484375 0.53515625 0.0125 0.0125
0 0.18359375 0.553125 0.0125 0.015625
0 0.1546875 0.5375 0.01640625 0.015234375
0 0.2390625 0.41484375 0.0109375 0.01328125
0 0.0796875 0.63984375 0.012109375 0.0125
12 0.04921875 0.5 0.025 0.025
13 0.08203125 0.5890625 0.0421875 0.02734375
10 0.0609375 0.61875 0.062890625 0.037890625
12 0.196875 0.4640625 0.01953125 0.027734375
13 0.3109375 0.8546875 0.03125 0.02890625
12 0.50625 0.41015625 0.01875 0.021875
13 0.56171875 0.45703125 0.064453125 0.0515625
13 0.509375 0.4265625 0.02578125 0.024609375
13 0.48125 0.45 0.06171875 0.03828125
16 0.540625 0.17734375 0.053515625 0.076171875
10 0.10625 0.55 0.05546875 0.0484375
13 0.571875 0.51875 0.025 0.028125
10 0.4609375 0.66171875 0.05625 0.07734375
12 0.59296875 0.578125 0.023828125 0.01953125
13 0.70859375 0.465625 0.041796875 0.03203125
6 0.85234375 0.90390625 0.1453125 0.1921875
13 0.796875 0.92265625 0.025390625 0.048046875
16 0.68671875 0.91015625 0.121875 0.126171875
13 0.72890625 0.91484375 0.028125 0.026171875
15 0.75859375 0.91796875 0.1015625 0.15625
13 0.7875 0.82265625 0.03125 0.030078125
15 0.9359375 0.75859375 0.128125 0.1234375
12 0.79296875 0.4515625 0.0234375 0.021875
15 0.475 0.58046875 0.091015625 0.1015625
12 0.4296875 0.48515625 0.025390625 0.0234375
13 0.41171875 0.67109375 0.030078125 0.032421875
10 0.40234375 0.63828125 0.0375 0.035546875
13 0.55859375 0.584375 0.0828125 0.059765625
13 0.7 0.4328125 0.02421875 0.025390625
13 0.6921875 0.39140625 0.01875 0.016796875
15 0.13359375 0.46953125 0.192578125 0.110546875
16 0.41796875 0.3671875 0.1671875 0.08359375