10 0.54609375 0.41640625 0.0796875 0.069921875
6 0.5265625 0.4796875 0.03203125 0.0203125
12 0.61015625 0.50546875 0.0125 0.0296875
6 0.6453125 0.39765625 0.028125 0.03984375
6 0.715625 0.39453125 0.01640625 0.0171875
6 0.696875 0.31328125 0.0125 0.0140625
6 0.67109375 0.578125 0.023046875 0.015234375
11 0.9125 0.5359375 0.05078125 0.030859375
6 0.88984375 0.196875 0.016796875 0.022265625
6 0.93515625 0.61796875 0.025 0.02109375
10 0.9421875 0.58359375 0.09140625 0.067578125
0 0.83671875 0.61015625 0.009375 0.0125
10 0.9265625 0.68046875 0.059765625 0.057421875
13 0.884375 0.653125 0.025390625 0.034375
0 0.96484375 0.69453125 0.0109375 0.0140625
10 0.840625 0.7859375 0.066015625 0.043359375
10 0.821875 0.81484375 0.04296875 0.025
10 0.8171875 0.84140625 0.04375 0.034375
10 0.76796875 0.828125 0.0390625 0.034375
6 0.78515625 0.8046875 0.009375 0.009765625
13 0.73359375 0.771875 0.017578125 0.012890625
6 0.74453125 0.8375 0.010546875 0.012109375
0 0.68828125 0.84921875 0.00625 0.009375
6 0.55 0.77890625 0.016015625 0.017578125
6 0.34765625 0.38828125 0.0265625 0.033203125
6 0.3328125 0.1921875 0.019140625 0.015625
11 0.21484375 0.5859375 0.044921875 0.03359375
6 0.37265625 0.671875 0.014453125 0.021875
10 0.4765625 0.665625 0.058984375 0.040234375
13 0.5015625 0.7390625 0.01640625 0.0125
6 0.47109375 0.72734375 0.01875 0.0109375