10 0.23125 0.77578125 0.08046875 0.0828125
12 0.24140625 0.66328125 0.01875 0.02890625
6 0.209375 0.6890625 0.03125 0.02578125
6 0.35390625 0.63515625 0.02265625 0.03125
11 0.39140625 0.40234375 0.0171875 0.0296875
13 0.3375 0.353125 0.02109375 0.01953125
10 0.39296875 0.35625 0.03671875 0.0609375
10 0.3671875 0.3015625 0.03828125 0.03828125
10 0.44453125 0.2078125 0.04921875 0.03515625
10 0.19921875 0.30234375 0.0390625 0.03203125
13 0.209375 0.365625 0.015625 0.01484375
13 0.28984375 0.34609375 0.01640625 0.01484375
6 0.2796875 0.3234375 0.009375 0.01328125
6 0.365625 0.35390625 0.01328125 0.01953125
10 0.28125 0.2859375 0.05625 0.025
10 0.26953125 0.265625 0.03046875 0.01953125
10 0.2625 0.246875 0.0375 0.02265625
6 0.1953125 0.2 0.0203125 0.0203125
6 0.22265625 0.16171875 0.01171875 0.0109375
6 0.16875 0.309375 0.01171875 0.01171875
6 0.228125 0.3140625 0.0078125 0.0078125
6 0.26328125 0.4984375 0.01953125 0.0171875
13 0.04296875 0.49609375 0.01953125 0.0171875
13 0.01640625 0.1796875 0.0140625 0.009375
6 0.3921875 0.61015625 0.0109375 0.0140625
10 0.5640625 0.31328125 0.03203125 0.02734375
10 0.58046875 0.3359375 0.03203125 0.03046875
10 0.67109375 0.31484375 0.04375 0.03671875
12 0.64140625 0.3109375 0.0109375 0.0140625
6 0.625 0.33984375 0.0109375 0.0140625
6 0.73515625 0.3640625 0.01484375 0.0140625
10 0.7546875 0.38359375 0.0390625 0.0421875
12 0.65859375 0.29453125 0.01484375 0.01796875
10 0.66015625 0.246875 0.040625 0.040625
13 0.7671875 0.496875 0.01640625 0.02265625
13 0.7984375 0.47890625 0.01171875 0.025
13 0.74609375 0.471875 0.0328125 0.01796875
6 0.709375 0.5203125 0.01328125 0.015625
0 0.84921875 0.7296875 0.0109375 0.01328125
10 0.43125 0.09453125 0.01875 0.0140625
15 0.15546875 0.4328125 0.02421875 0.0234375
6 0.459375 0.6546875 0.009375 0.015625
6 0.56953125 0.5953125 0.01328125 0.021875
6 0.4609375 0.53984375 0.0109375 0.0203125
6 0.57734375 0.53515625 0.01328125 0.01484375
6 0.684375 0.42265625 0.0125 0.01484375
16 0.5859375 0.20859375 0.03125 0.04140625
0 0.41015625 0.2578125 0.00625 0.0078125
0 0.3296875 0.4046875 0.0078125 0.009375
0 0.1375 0.33828125 0.0078125 0.0078125