10 0.50625 0.31953125 0.0546875 0.04921875
10 0.52421875 0.4015625 0.0515625 0.0734375
11 0.51171875 0.4609375 0.04140625 0.03203125
13 0.45546875 0.38984375 0.025 0.0265625
0 0.446875 0.44921875 0.0078125 0.009375
10 0.40703125 0.28828125 0.07265625 0.03125
10 0.3953125 0.23984375 0.046875 0.02734375
10 0.39765625 0.2625 0.04765625 0.02265625
13 0.3234375 0.38671875 0.01875 0.01875
10 0.32109375 0.2953125 0.05 0.03828125
10 0.18828125 0.6078125 0.04765625 0.06484375
10 0.0765625 0.653125 0.03125 0.02265625
10 0.12109375 0.9265625 0.03203125 0.04609375
10 0.0984375 0.46015625 0.03203125 0.01953125
16 0.30234375 0.3859375 0.01953125 0.01640625
16 0.27265625 0.396875 0.02578125 0.00859375
13 0.4109375 0.37265625 0.0203125 0.01484375
11 0.27109375 0.93828125 0.04609375 0.08671875
12 0.4203125 0.790625 0.02890625 0.03828125
10 0.4140625 0.9 0.1015625 0.0953125
10 0.6625 0.21328125 0.06484375 0.04296875
10 0.80234375 0.415625 0.05625 0.07890625
16 0.88984375 0.22421875 0.04296875 0.05234375
10 0.9765625 0.4375 0.04609375 0.0546875
12 0.971875 0.38203125 0.021875 0.0234375
12 0.9390625 0.4078125 0.01640625 0.02109375
6 0.52890625 0.74140625 0.03359375 0.0390625
6 0.5703125 0.7375 0.01484375 0.01796875
6 0.48828125 0.396875 0.02109375 0.01796875
6 0.396875 0.34609375 0.01328125 0.01484375
13 0.18828125 0.478125 0.01171875 0.01875
13 0.34140625 0.32421875 0.01015625 0.01171875
10 0.98359375 0.3015625 0.0328125 0.03984375
6 0.9015625 0.434375 0.01328125 0.01875
6 0.4 0.77578125 0.04140625 0.025
10 0.0515625 0.13125 0.04609375 0.025
6 0.1609375 0.12578125 0.01796875 0.015625
13 0.115625 0.1234375 0.01875 0.01328125
6 0.36875 0.1390625 0.015625 0.01484375
6 0.2890625 0.29609375 0.0125 0.01640625
6 0.4 0.5375 0.0203125 0.0203125
0 0.24375 0.32578125 0.0078125 0.01171875
0 0.58125 0.275 0.0078125 0.0109375
6 0.975 0.04296875 0.01484375 0.0109375
10 0.66875 0.06796875 0.03046875 0.03203125