12 0.61015625 0.53359375 0.0453125 0.019921875
10 0.571875 0.584375 0.165234375 0.04453125
11 0.36796875 0.58828125 0.067578125 0.038671875
10 0.15859375 0.5546875 0.058203125 0.01875
10 0.24296875 0.4078125 0.084375 0.034375
13 0.44375 0.30390625 0.033984375 0.011328125
10 0.4328125 0.25234375 0.03515625 0.0125
10 0.559375 0.2296875 0.087109375 0.015234375
10 0.571875 0.25546875 0.124609375 0.020703125
13 0.5734375 0.30234375 0.037109375 0.007421875
13 0.64296875 0.3140625 0.0390625 0.01484375
10 0.68828125 0.321875 0.038671875 0.00703125
10 0.7234375 0.28203125 0.090234375 0.025
11 0.71875 0.3578125 0.0765625 0.0171875
10 0.74765625 0.33046875 0.085546875 0.039453125
10 0.98203125 0.246875 0.0359375 0.015625
10 0.6984375 0.91015625 0.15859375 0.069921875
10 0.56875 0.240625 0.06796875 0.012890625
6 0.559375 0.384375 0.04296875 0.01171875
6 0.75625 0.5046875 0.056640625 0.021484375
6 0.82421875 0.5109375 0.026953125 0.012890625
0 0.47109375 0.2703125 0.02265625 0.00859375
0 0.86171875 0.26796875 0.0171875 0.00625
0 0.62421875 0.34375 0.014453125 0.006640625
6 0.46484375 0.19375 0.044921875 0.0125
6 0.10859375 0.32421875 0.051953125 0.011328125
6 0.5390625 0.178125 0.0265625 0.0078125