11 0.775 0.49453125 0.046484375 0.039453125
6 0.6078125 0.4078125 0.021875 0.033984375
6 0.57421875 0.675 0.020703125 0.021875
10 0.37734375 0.415625 0.076171875 0.06796875
12 0.32890625 0.50390625 0.0140625 0.0328125
6 0.3921875 0.4828125 0.030859375 0.018359375
6 0.27578125 0.40234375 0.029296875 0.038671875
6 0.21640625 0.39296875 0.0171875 0.01875
6 0.21953125 0.30625 0.0140625 0.01640625
6 0.26640625 0.5828125 0.02265625 0.01328125
0 0.12890625 0.6109375 0.010546875 0.012890625
13 0.08359375 0.65078125 0.029296875 0.033203125
10 0.03828125 0.61484375 0.0234375 0.015625
10 0.0375 0.5796875 0.074609375 0.066015625
11 0.0546875 0.534375 0.049609375 0.024609375
10 0.040625 0.675 0.06015625 0.05
10 0.1265625 0.7828125 0.06484375 0.04140625
10 0.1359375 0.8125 0.044140625 0.02421875
10 0.1375 0.8375 0.04453125 0.028515625
13 0.140625 0.71484375 0.02109375 0.0203125
10 0.19296875 0.82421875 0.0421875 0.029296875
13 0.22578125 0.7703125 0.0203125 0.01328125
6 0.16796875 0.81953125 0.00625 0.008203125
6 0.17578125 0.80234375 0.009375 0.0109375
6 0.221875 0.83671875 0.009765625 0.0125
0 0.27265625 0.84921875 0.007421875 0.007421875
6 0.1296875 0.97265625 0.01328125 0.01015625
6 0.16875 0.940625 0.021875 0.012890625
6 0.6375 0.20546875 0.02109375 0.01875
15 0.34296875 0.746875 0.0234375 0.01953125
15 0.36015625 0.81171875 0.016796875 0.0296875
6 0.3953125 0.78671875 0.02109375 0.0171875
6 0.14453125 0.74609375 0.01328125 0.0140625
16 0.6078125 0.99375 0.0484375 0.01171875
6 0.49453125 0.9546875 0.01328125 0.01171875
6 0.21171875 0.96171875 0.0296875 0.0265625
13 0.4296875 0.74453125 0.01640625 0.009375
6 0.46328125 0.7328125 0.01796875 0.0109375
10 0.340625 0.95546875 0.01484375 0.01953125
6 0.64609375 0.8421875 0.020703125 0.01640625