12 0.04453125 0.5515625 0.025 0.025390625
6 0.05078125 0.51953125 0.0546875 0.058203125
16 0.04765625 0.471875 0.092578125 0.05703125
13 0.1109375 0.5703125 0.050390625 0.02265625
12 0.16328125 0.2953125 0.029296875 0.04375
11 0.2890625 0.16171875 0.0421875 0.0828125
11 0.278125 0.18828125 0.03828125 0.0671875
13 0.35546875 0.0953125 0.0546875 0.04609375
15 0.3703125 0.23359375 0.237109375 0.210546875
11 0.25546875 0.35 0.0359375 0.06875
0 0.22265625 0.3109375 0.01640625 0.025
0 0.25 0.3921875 0.015625 0.021875
10 0.57265625 0.23359375 0.095703125 0.0921875
6 0.5125 0.16796875 0.06171875 0.0625
6 0.58046875 0.26171875 0.033203125 0.030078125
13 0.60390625 0.3109375 0.026953125 0.04375
13 0.53359375 0.346875 0.040625 0.040625
6 0.25390625 0.075 0.04921875 0.0359375
6 0.19921875 0.09453125 0.0140625 0.026953125
13 0.09296875 0.046875 0.028125 0.021875
16 0.159375 0.06796875 0.165234375 0.114453125
0 0.18359375 0.390625 0.0125 0.018359375
12 0.33671875 0.6265625 0.02109375 0.021875
13 0.33984375 0.6078125 0.032421875 0.024609375
0 0.375 0.55078125 0.0125 0.015625
6 0.34765625 0.55625 0.028125 0.02109375
12 0.42265625 0.5515625 0.026953125 0.028125
11 0.45625 0.30703125 0.034375 0.082421875
13 0.43671875 0.36640625 0.0234375 0.029296875
10 0.3859375 0.36875 0.06015625 0.074609375
13 0.48515625 0.46328125 0.048046875 0.041796875
11 0.5453125 0.6953125 0.027734375 0.053125
11 0.57890625 0.6828125 0.025 0.05625
0 0.59609375 0.64765625 0.009375 0.011328125
6 0.5671875 0.784375 0.040625 0.0265625
6 0.51796875 0.7703125 0.039453125 0.046484375
13 0.4328125 0.81328125 0.031640625 0.023046875
6 0.39609375 0.709375 0.021875 0.022265625
10 0.640625 0.2421875 0.077734375 0.121484375
13 0.68828125 0.3 0.02890625 0.034375
12 0.6953125 0.45234375 0.030859375 0.026953125
11 0.72109375 0.45625 0.0234375 0.041015625
0 0.70546875 0.509375 0.0140625 0.016015625
10 0.76640625 0.50234375 0.0578125 0.03984375
6 0.8 0.48125 0.019140625 0.01796875
13 0.81015625 0.465625 0.04375 0.03046875
10 0.8828125 0.6421875 0.059765625 0.044140625
6 0.9 0.67109375 0.034765625 0.033203125
11 0.9140625 0.9125 0.037109375 0.041015625
6 0.9375 0.884375 0.0390625 0.03125
10 0.84375 0.9328125 0.040625 0.021484375
6 0.8765625 0.9 0.049609375 0.02578125
6 0.74609375 0.73515625 0.0296875 0.041796875
6 0.71796875 0.67265625 0.0625 0.04609375
12 0.64140625 0.571875 0.023046875 0.027734375
6 0.09609375 0.64140625 0.0203125 0.0203125
6 0.06640625 0.63984375 0.023046875 0.020703125
6 0.1015625 0.59375 0.022265625 0.027734375
13 0.22578125 0.5015625 0.03125 0.030859375
12 0.2625 0.6734375 0.034765625 0.031640625
6 0.28125 0.5640625 0.078125 0.05859375
10 0.31484375 0.50390625 0.05859375 0.05078125
13 0.68671875 0.52265625 0.0265625 0.02265625
12 0.8140625 0.56015625 0.024609375 0.023046875
10 0.76796875 0.56171875 0.063671875 0.069921875
10 0.97578125 0.80078125 0.0484375 0.0359375
6 0.678125 0.9609375 0.01953125 0.01875
6 0.6734375 0.9390625 0.01484375 0.015625
6 0.7046875 0.92578125 0.019140625 0.017578125
6 0.3765625 0.5921875 0.065625 0.041015625
6 0.24296875 0.43125 0.0953125 0.046484375
12 0.1953125 0.446875 0.022265625 0.022265625
13 0.0703125 0.45 0.02734375 0.021875
6 0.24296875 0.7734375 0.01875 0.01640625
16 0.45546875 0.76796875 0.0671875 0.0546875
16 0.45 0.678125 0.16328125 0.062109375
6 0.34609375 0.64609375 0.023046875 0.0234375
13 0.340625 0.6625 0.03359375 0.01875
10 0.31484375 0.61640625 0.044921875 0.0640625
10 0.3 0.4453125 0.027734375 0.025
10 0.2453125 0.525 0.0375 0.046484375
6 0.2046875 0.571875 0.053515625 0.053125
6 0.01796875 0.1390625 0.03125 0.02734375
6 0.44921875 0.39921875 0.040625 0.0375
6 0.4109375 0.4125 0.030859375 0.027734375