15 0.94375 0.9296875 0.11171875 0.140625
13 0.87109375 0.82890625 0.026953125 0.03125
12 0.71328125 0.82109375 0.033203125 0.045703125
13 0.66328125 0.72421875 0.041796875 0.069921875
13 0.66875 0.7 0.078515625 0.066015625
13 0.60078125 0.665625 0.048828125 0.03828125
13 0.55 0.6859375 0.034375 0.03359375
11 0.08671875 0.38828125 0.1078125 0.0421875
11 0.06953125 0.41640625 0.105078125 0.0515625
10 0.125 0.5484375 0.07734375 0.075
6 0.05703125 0.5765625 0.03671875 0.03984375
10 0.14375 0.49296875 0.053515625 0.048046875
11 0.1703125 0.69921875 0.047265625 0.051171875
0 0.1515625 0.63984375 0.01328125 0.01953125
11 0.096875 0.23125 0.021875 0.04375
16 0.05 0.278125 0.1 0.044140625
6 0.09375 0.48046875 0.0328125 0.025
10 0.23046875 0.66171875 0.0796875 0.107421875
6 0.44609375 0.75625 0.02421875 0.0328125
6 0.56015625 0.90234375 0.042578125 0.060546875
6 0.61015625 0.80625 0.033203125 0.062109375
13 0.7765625 0.88125 0.03359375 0.047265625
6 0.803125 0.9171875 0.024609375 0.028515625
6 0.821875 0.89609375 0.012890625 0.026171875
6 0.7484375 0.94765625 0.025 0.0265625
0 0.7203125 0.95625 0.016015625 0.01953125
10 0.75390625 0.8421875 0.029296875 0.028515625
0 0.8453125 0.82578125 0.015234375 0.020703125
0 0.82578125 0.9828125 0.017578125 0.02109375
6 0.8578125 0.9125 0.037109375 0.04296875
13 0.428125 0.70234375 0.028125 0.03203125