6 0.39140625 0.39609375 0.019921875 0.0203125
13 0.45078125 0.34921875 0.025 0.0265625
13 0.48671875 0.31796875 0.016796875 0.0390625
13 0.4203125 0.325 0.043359375 0.025390625
6 0.40546875 0.1796875 0.017578125 0.021484375
10 0.42421875 0.20234375 0.044921875 0.059375
12 0.26328125 0.11953125 0.019921875 0.0203125
12 0.2859375 0.08828125 0.0234375 0.02578125
10 0.30625 0.1234375 0.059375 0.059765625
10 0.34296875 0.1265625 0.025 0.024609375
10 0.1390625 0.15859375 0.04765625 0.05078125
10 0.16171875 0.184375 0.051171875 0.04453125
6 0.23828125 0.16875 0.015625 0.01796875
0 0.23125 0.07890625 0.009375 0.0125
6 0.2484375 0.1171875 0.0125 0.01875
0 0.58046875 0.58671875 0.016796875 0.029296875