10 0.54609375 0.58359375 0.0796875 0.06953125
6 0.5265625 0.5203125 0.03203125 0.0203125
12 0.61015625 0.49453125 0.0125 0.0296875
6 0.6453125 0.60234375 0.028125 0.03984375
6 0.715625 0.60546875 0.01640625 0.0171875
6 0.696875 0.68671875 0.0125 0.0140625
6 0.67109375 0.421875 0.02265625 0.01484375
11 0.9125 0.4640625 0.0515625 0.03046875
6 0.88984375 0.803125 0.01640625 0.02265625
6 0.93515625 0.38203125 0.025 0.02109375
10 0.9421875 0.41640625 0.0921875 0.06796875
0 0.83671875 0.38984375 0.009375 0.0125
10 0.9265625 0.31953125 0.06015625 0.05703125
13 0.884375 0.346875 0.02578125 0.034375
0 0.96484375 0.30546875 0.0109375 0.0140625
10 0.840625 0.2140625 0.06640625 0.04296875
10 0.821875 0.18515625 0.0421875 0.025
10 0.8171875 0.15859375 0.04375 0.034375
10 0.76796875 0.171875 0.0390625 0.034375
6 0.78515625 0.1953125 0.009375 0.01015625
13 0.73359375 0.228125 0.01796875 0.01328125
6 0.74453125 0.1625 0.01015625 0.01171875
0 0.68828125 0.15078125 0.00625 0.009375
6 0.55 0.22109375 0.01640625 0.01796875
6 0.34765625 0.61171875 0.0265625 0.03359375
6 0.3328125 0.8078125 0.01953125 0.015625
11 0.21484375 0.4140625 0.04453125 0.0328125
6 0.37265625 0.328125 0.01484375 0.021875
10 0.4765625 0.334375 0.05859375 0.03984375
13 0.5015625 0.2609375 0.01640625 0.0125
6 0.47109375 0.27265625 0.01875 0.0109375