6 0.525 0.3890625 0.030859375 0.022265625
10 0.496875 0.325 0.07578125 0.0703125
6 0.40859375 0.30859375 0.026953125 0.0421875
12 0.42890625 0.4125 0.0140625 0.03203125
6 0.3296875 0.30859375 0.015625 0.0140625
6 0.3546875 0.22890625 0.0109375 0.015625
6 0.38203125 0.4796875 0.020703125 0.012890625
13 0.3109375 0.67109375 0.01796875 0.01640625
6 0.29609375 0.734375 0.010546875 0.012109375
10 0.2765625 0.72421875 0.0375 0.026171875
6 0.2578125 0.70234375 0.008984375 0.009375
6 0.25234375 0.71875 0.00625 0.009375
6 0.23125 0.64609375 0.0125 0.01171875
13 0.225 0.6140625 0.01875 0.016015625
10 0.228125 0.7328125 0.03828125 0.025
10 0.2265625 0.70859375 0.03984375 0.02265625
10 0.2046875 0.68125 0.062109375 0.037890625
6 0.25546875 0.834375 0.020703125 0.01796875
6 0.22421875 0.86953125 0.0140625 0.011328125
6 0.2921875 0.8484375 0.01640625 0.02265625
0 0.35078125 0.7453125 0.005078125 0.006640625
6 0.37578125 0.91953125 0.014453125 0.014453125
0 0.3234375 0.92109375 0.00625 0.005078125
10 0.4703125 0.93125 0.028515625 0.015234375
13 0.41875 0.93984375 0.01171875 0.010546875
6 0.40546875 0.86796875 0.017578125 0.0140625
10 0.5640625 0.97109375 0.05859375 0.02578125
6 0.5046875 0.675 0.01640625 0.021875
6 0.5765625 0.8359375 0.016015625 0.015234375
16 0.6984375 0.88125 0.04765625 0.019140625
6 0.6875 0.5796875 0.015625 0.02265625
11 0.83359375 0.59296875 0.038671875 0.032421875
10 0.5546875 0.56875 0.078515625 0.05078125
13 0.559375 0.64375 0.015625 0.01328125
6 0.5921875 0.63046875 0.018359375 0.0125
6 0.7078125 0.290625 0.025390625 0.031640625
6 0.71484375 0.0890625 0.01875 0.025390625
0 0.08671875 0.5875 0.008203125 0.009375
10 0.1234375 0.57578125 0.056640625 0.048828125
13 0.153125 0.54921875 0.02734375 0.0296875
10 0.09609375 0.47734375 0.08984375 0.06640625
11 0.12265625 0.4296875 0.05 0.033984375
10 0.02421875 0.6546875 0.0484375 0.040625
6 0.0390625 0.1578125 0.022265625 0.01875
6 0.0359375 0.37578125 0.008984375 0.028125
0 0.2015625 0.50625 0.009375 0.01171875
15 0.4234375 0.63984375 0.02265625 0.021875
15 0.4453125 0.7015625 0.01640625 0.024609375
6 0.41953125 0.83671875 0.015625 0.0203125