13 0.13125 0.74296875 0.04765625 0.04453125
11 0.09765625 0.82578125 0.06171875 0.04140625
13 0.23359375 0.75234375 0.04140625 0.0359375
10 0.20625 0.8375 0.06015625 0.03515625
13 0.1921875 0.74375 0.01328125 0.01171875
13 0.4046875 0.76484375 0.046875 0.03125
3 0.2875 0.7625 0.01796875 0.03125
10 0.22890625 0.6609375 0.03046875 0.04609375
10 0.25625 0.61953125 0.04375 0.028125
10 0.328125 0.66953125 0.03046875 0.025
13 0.4078125 0.6703125 0.03359375 0.03359375
13 0.4390625 0.6578125 0.01796875 0.01171875
15 0.4828125 0.65234375 0.0609375 0.059375
12 0.50546875 0.5796875 0.009375 0.0140625
10 0.57578125 0.58984375 0.025 0.021875
13 0.58359375 0.61328125 0.021875 0.0234375
11 0.59609375 0.68671875 0.01484375 0.02890625
12 0.553125 0.70078125 0.0125 0.01953125
13 0.63984375 0.80703125 0.02421875 0.0265625
11 0.6140625 0.76796875 0.01796875 0.03125
11 0.61171875 0.75390625 0.01640625 0.025
15 0.64765625 0.7484375 0.10703125 0.08984375
11 0.6875 0.7234375 0.015625 0.03125
13 0.72421875 0.721875 0.02109375 0.01640625
10 0.73984375 0.7734375 0.04765625 0.04453125
13 0.75703125 0.7453125 0.0109375 0.02109375
13 0.70234375 0.66484375 0.025 0.021875
11 0.7359375 0.57734375 0.0125 0.0265625
11 0.7296875 0.56640625 0.0125 0.02578125
10 0.7484375 0.59921875 0.02890625 0.03515625
11 0.81484375 0.69609375 0.01171875 0.02421875
12 0.771875 0.63515625 0.0125 0.01484375
16 0.603125 0.4703125 0.03515625 0.03984375
13 0.6078125 0.59921875 0.03359375 0.0234375
12 0.60859375 0.6828125 0.0078125 0.01875
13 0.678125 0.6984375 0.01171875 0.0140625
10 0.61875 0.62578125 0.0265625 0.025
16 0.50703125 0.6125 0.04453125 0.0109375
13 0.50390625 0.59453125 0.0265625 0.02421875
16 0.5546875 0.8078125 0.04609375 0.046875
16 0.52734375 0.77890625 0.0359375 0.03828125
0 0.36484375 0.740625 0.0078125 0.009375
13 0.0328125 0.825 0.03046875 0.021875
6 0.34765625 0.75390625 0.03125 0.01875
6 0.37109375 0.625 0.02109375 0.025
6 0.3625 0.60234375 0.01328125 0.01484375
6 0.2390625 0.8203125 0.0171875 0.015625
6 0.30234375 0.8015625 0.021875 0.01953125
13 0.3328125 0.78671875 0.02734375 0.01953125
13 0.3796875 0.78203125 0.0125 0.01484375
6 0.3609375 0.72265625 0.01875 0.0171875
13 0.51796875 0.7921875 0.0125 0.0109375
0 0.58046875 0.69921875 0.00625 0.00703125
0 0.59453125 0.6671875 0.00625 0.00703125
0 0.56328125 0.6640625 0.00703125 0.00859375
0 0.65078125 0.61171875 0.00625 0.0078125
13 0.79375 0.66328125 0.0140625 0.0140625
0 0.79375 0.678125 0.00546875 0.009375
6 0.8109375 0.5984375 0.03359375 0.02421875
6 0.8234375 0.57421875 0.01484375 0.021875
6 0.7921875 0.5921875 0.00703125 0.00625
13 0.6328125 0.58515625 0.015625 0.0125
12 0.6296875 0.57890625 0.009375 0.01015625
6 0.58515625 0.64921875 0.04296875 0.01796875
12 0.56640625 0.6375 0.0125 0.0109375
6 0.51953125 0.62265625 0.01171875 0.0109375
6 0.38515625 0.69140625 0.03203125 0.034375
6 0.6484375 0.59765625 0.03125 0.0234375
6 0.640625 0.6109375 0.01328125 0.01171875
6 0.7375 0.53515625 0.0234375 0.0125
11 0.9015625 0.50625 0.01875 0.0234375
6 0.88671875 0.5109375 0.025 0.01875
6 0.91484375 0.52109375 0.02109375 0.01796875
6 0.86953125 0.49296875 0.0171875 0.01171875
6 0.81328125 0.515625 0.01875 0.01171875
6 0.925 0.69296875 0.03828125 0.028125
13 0.86484375 0.70234375 0.0234375 0.01328125
6 0.85703125 0.659375 0.01484375 0.01328125
6 0.77265625 0.540625 0.0140625 0.0125
6 0.5375 0.578125 0.021875 0.0109375
6 0.46640625 0.58984375 0.02890625 0.01640625
6 0.3015625 0.7765625 0.0515625 0.03125
6 0.38359375 0.7359375 0.0171875 0.03515625
13 0.26875 0.60234375 0.01328125 0.01171875
6 0.3 0.59375 0.009375 0.0125
6 0.5203125 0.54765625 0.009375 0.00859375
6 0.5078125 0.54453125 0.00859375 0.00625
6 0.66796875 0.503125 0.01484375 0.01015625
16 0.68046875 0.52578125 0.03125 0.0234375
6 0.70234375 0.53203125 0.02421875 0.01875
13 0.28046875 0.65703125 0.0171875 0.01875
6 0.30234375 0.74453125 0.01875 0.01015625
6 0.1734375 0.778125 0.0140625 0.015625
6 0.2203125 0.8203125 0.0171875 0.0125