10 0.565625 0.596875 0.07578125 0.06328125
12 0.621875 0.509375 0.0140625 0.0296875
6 0.66875 0.61328125 0.028125 0.03828125
6 0.55234375 0.53125 0.03046875 0.01640625
6 0.6890625 0.43046875 0.0234375 0.01484375
0 0.83984375 0.40078125 0.009375 0.01328125
11 0.91484375 0.475 0.0515625 0.0234375
10 0.9453125 0.42890625 0.0828125 0.06484375
10 0.934375 0.3921875 0.025 0.01875
13 0.8890625 0.359375 0.0265625 0.0328125
10 0.93671875 0.3328125 0.0546875 0.05390625
13 0.8296875 0.29765625 0.02109375 0.01875
10 0.8328125 0.171875 0.04296875 0.02734375
10 0.8375 0.19765625 0.03828125 0.02109375
10 0.846875 0.2265625 0.06484375 0.03984375
10 0.778125 0.184375 0.0453125 0.02734375
6 0.796875 0.20703125 0.009375 0.01015625
6 0.75078125 0.175 0.01015625 0.0109375
13 0.74375 0.24140625 0.01953125 0.01328125
6 0.82734375 0.26484375 0.01171875 0.01171875
0 0.696875 0.1625 0.00546875 0.00546875
6 0.8015625 0.06796875 0.02109375 0.0140625
6 0.8390625 0.0359375 0.0125 0.0109375
10 0.6328125 0.0578125 0.021875 0.0203125
6 0.35390625 0.8046875 0.02109375 0.01953125
6 0.36796875 0.60234375 0.02109375 0.03125
11 0.23359375 0.48984375 0.04609375 0.040625
15 0.62734375 0.26328125 0.021875 0.0265625
15 0.60546875 0.19609375 0.01875 0.03359375
6 0.5671875 0.225 0.02109375 0.01953125
13 0.52578125 0.26640625 0.01640625 0.0125
6 0.49375 0.2765625 0.01796875 0.01171875
6 0.73359375 0.621875 0.015625 0.01953125
6 0.72109375 0.70703125 0.01015625 0.01484375
6 0.3921875 0.33203125 0.01640625 0.0234375
6 0.31953125 0.1640625 0.02265625 0.01484375