13 0.08125 0.4453125 0.03046875 0.02421875
13 0.13515625 0.42421875 0.015625 0.01640625
13 0.175 0.4625 0.0140625 0.009375
12 0.0578125 0.34765625 0.01328125 0.0125
11 0.28203125 0.41015625 0.040625 0.03984375
10 0.33359375 0.396875 0.0265625 0.02890625
10 0.378125 0.4234375 0.05234375 0.06328125
13 0.278125 0.46171875 0.05234375 0.03125
0 0.24140625 0.465625 0.00703125 0.00625
10 0.325 0.48984375 0.09609375 0.07265625
12 0.075 0.75 0.02578125 0.028125
10 0.09609375 0.74765625 0.02421875 0.046875
13 0.0671875 0.69375 0.02109375 0.0265625
13 0.1625 0.8515625 0.03984375 0.03125
13 0.18984375 0.871875 0.0328125 0.0265625
10 0.18046875 0.87734375 0.0515625 0.06796875
10 0.2578125 0.57890625 0.0640625 0.05390625
10 0.17421875 0.51796875 0.04140625 0.046875
10 0.20859375 0.53671875 0.0859375 0.06484375
10 0.2046875 0.50390625 0.04609375 0.03359375
10 0.20078125 0.5796875 0.0546875 0.04765625
13 0.2 0.5640625 0.01796875 0.02265625
13 0.21484375 0.57734375 0.0203125 0.02421875
13 0.35 0.8203125 0.09375 0.0328125
13 0.3171875 0.59453125 0.0203125 0.01640625
10 0.28203125 0.5625 0.0203125 0.01796875
10 0.44921875 0.634375 0.14375 0.11015625
16 0.3625 0.6234375 0.053125 0.06484375
13 0.46953125 0.7515625 0.03359375 0.0375
13 0.3046875 0.66875 0.01484375 0.01953125
13 0.55625 0.57890625 0.0359375 0.040625
12 0.559375 0.60703125 0.02421875 0.02421875
13 0.7125 0.7546875 0.0390625 0.04453125
13 0.70234375 0.7765625 0.0421875 0.03828125
0 0.6359375 0.84609375 0.0109375 0.01171875
13 0.60625 0.496875 0.01875 0.02109375
12 0.58203125 0.53203125 0.01796875 0.01796875
10 0.5765625 0.5359375 0.07734375 0.06015625
16 0.7671875 0.94296875 0.07421875 0.0578125
13 0.7671875 0.928125 0.028125 0.02734375
13 0.7953125 0.93515625 0.02421875 0.03359375
13 0.84765625 0.9234375 0.0265625 0.040625
11 0.90625 0.86015625 0.0359375 0.0921875
11 0.83515625 0.8734375 0.1 0.0625
13 0.88515625 0.925 0.08359375 0.06953125
13 0.953125 0.87890625 0.06328125 0.07109375
12 0.9625 0.94609375 0.02421875 0.02265625
0 0.83203125 0.8 0.0109375 0.01171875
0 0.865625 0.79296875 0.0109375 0.01875
13 0.97734375 0.8375 0.028125 0.0328125
13 0.98828125 0.81796875 0.0234375 0.03203125
13 0.8953125 0.696875 0.025 0.03125
13 0.78125 0.63828125 0.0234375 0.02890625
10 0.6859375 0.87734375 0.0921875 0.0796875
13 0.73046875 0.87421875 0.059375 0.0265625
13 0.74609375 0.8625 0.021875 0.0203125
13 0.59765625 0.6625 0.0296875 0.03671875
13 0.6109375 0.646875 0.01796875 0.02421875
10 0.6078125 0.70078125 0.0609375 0.06015625
10 0.5640625 0.659375 0.0484375 0.0625
13 0.5421875 0.67578125 0.015625 0.03515625
13 0.65703125 0.68515625 0.03984375 0.05703125
13 0.58359375 0.70625 0.01796875 0.0234375
13 0.5484375 0.74609375 0.01953125 0.01640625
13 0.57890625 0.49375 0.03828125 0.03203125
13 0.3875 0.51484375 0.04140625 0.03046875
0 0.340625 0.49765625 0.009375 0.0125
13 0.234375 0.40703125 0.03671875 0.03125
10 0.140625 0.390625 0.0421875 0.03671875
0 0.0953125 0.6234375 0.01015625 0.0125
10 0.2390625 0.69921875 0.03515625 0.04453125
10 0.4296875 0.46796875 0.05859375 0.040625
10 0.5296875 0.44921875 0.025 0.01640625
10 0.47109375 0.44453125 0.0625 0.05078125
13 0.1125 0.5578125 0.0265625 0.0203125