13 0.0984375 0.65546875 0.046875 0.0359375
13 0.128125 0.67734375 0.0703125 0.084375
11 0.07265625 0.83203125 0.09921875 0.06875
13 0.3125 0.7078125 0.07109375 0.0703125
10 0.29765625 0.51484375 0.05390625 0.08671875
10 0.34140625 0.4359375 0.0703125 0.05
13 0.325 0.84765625 0.02890625 0.03359375
10 0.2859375 0.8703125 0.06796875 0.05859375
6 0.28828125 0.84609375 0.03203125 0.0234375
13 0.49140625 0.4546875 0.040625 0.03828125
10 0.48984375 0.54375 0.06484375 0.04765625
0 0.49453125 0.571875 0.0109375 0.01328125
13 0.3984375 0.515625 0.03828125 0.03828125
3 0.409375 0.74296875 0.03828125 0.0640625
6 0.4515625 0.82734375 0.04140625 0.04375
6 0.4421875 0.77265625 0.09921875 0.06171875
0 0.571875 0.7046875 0.01328125 0.0140625
12 0.56484375 0.665625 0.03203125 0.03515625
13 0.50390625 0.79140625 0.03828125 0.0328125
0 0.52890625 0.65625 0.01640625 0.0171875
6 0.5375 0.73125 0.06171875 0.03125
13 0.6109375 0.79453125 0.02578125 0.02890625
6 0.6625 0.76484375 0.09921875 0.071875
6 0.61484375 0.596875 0.0671875 0.07421875
6 0.6109375 0.69609375 0.03828125 0.065625
6 0.58046875 0.4546875 0.04296875 0.05
13 0.66015625 0.56015625 0.0640625 0.0671875
13 0.725 0.5296875 0.03828125 0.0265625
15 0.8125 0.53203125 0.13828125 0.13203125
6 0.88203125 0.38984375 0.06015625 0.0578125
6 0.79375 0.378125 0.0625 0.03984375
16 0.884375 0.43359375 0.10390625 0.02578125
13 0.9515625 0.3546875 0.0484375 0.025
12 0.98984375 0.64296875 0.01953125 0.05078125
13 0.91875 0.840625 0.0265625 0.02421875
16 0.946875 0.840625 0.10625 0.140625
13 0.8234375 0.81171875 0.028125 0.0484375
13 0.8484375 0.72890625 0.03046875 0.02890625
6 0.56171875 0.403125 0.0265625 0.02265625
6 0.540625 0.3828125 0.05390625 0.02421875
6 0.63125 0.46484375 0.0421875 0.04453125
6 0.67109375 0.50078125 0.03125 0.0453125
12 0.88046875 0.36015625 0.02109375 0.021875
6 0.9171875 0.2828125 0.02109375 0.01796875
0 0.73203125 0.62890625 0.0140625 0.01484375
13 0.234375 0.68359375 0.0234375 0.0234375
6 0.078125 0.29296875 0.03046875 0.03125
10 0.40546875 0.41484375 0.046875 0.0375
6 0.69375 0.44453125 0.096875 0.12734375
15 0.76484375 0.7890625 0.13046875 0.2328125
10 0.52109375 0.69296875 0.08671875 0.0453125
6 0.4453125 0.70234375 0.040625 0.01796875
6 0.8296875 0.353125 0.02734375 0.01875
13 0.91171875 0.459375 0.0296875 0.02578125
6 0.925 0.33046875 0.02109375 0.02265625
0 0.5828125 0.3921875 0.0109375 0.01171875
15 0.55703125 0.51328125 0.059375 0.0640625
6 0.51875 0.52890625 0.01328125 0.01796875
10 0.365625 0.8125 0.16015625 0.09921875
13 0.3625 0.39453125 0.02578125 0.0265625
6 0.73046875 0.45546875 0.05625 0.05625
6 0.8203125 0.41953125 0.0375 0.05078125
13 0.8140625 0.66328125 0.02109375 0.02578125