13 0.9015625 0.65546875 0.046875 0.0359375
13 0.871875 0.67734375 0.0703125 0.084375
11 0.92734375 0.83203125 0.098828125 0.06875
13 0.6875 0.7078125 0.071484375 0.07109375
10 0.70234375 0.51484375 0.054296875 0.086328125
10 0.65859375 0.4359375 0.0703125 0.05
13 0.675 0.84765625 0.028515625 0.033203125
10 0.7140625 0.8703125 0.06796875 0.05859375
6 0.71171875 0.84609375 0.032421875 0.0234375
13 0.50859375 0.4546875 0.040625 0.037890625
10 0.51015625 0.54375 0.064453125 0.047265625
0 0.50546875 0.571875 0.0109375 0.012890625
13 0.6015625 0.515625 0.037890625 0.037890625
3 0.590625 0.74296875 0.037890625 0.0640625
6 0.5484375 0.82734375 0.041015625 0.04375
6 0.5578125 0.77265625 0.099609375 0.061328125
0 0.428125 0.7046875 0.012890625 0.01484375
12 0.43515625 0.665625 0.032421875 0.034765625
13 0.49609375 0.79140625 0.038671875 0.0328125
0 0.47109375 0.65625 0.016796875 0.01796875
6 0.4625 0.73125 0.062109375 0.03125
13 0.3890625 0.79453125 0.02578125 0.02890625
6 0.3375 0.76484375 0.099609375 0.071875
6 0.38515625 0.596875 0.0671875 0.074609375
6 0.3890625 0.69609375 0.037890625 0.065625
6 0.41953125 0.4546875 0.042578125 0.05
13 0.33984375 0.56015625 0.0640625 0.0671875
13 0.275 0.5296875 0.037890625 0.02734375
15 0.1875 0.53203125 0.137890625 0.132421875
6 0.11796875 0.38984375 0.060546875 0.0578125
6 0.20625 0.378125 0.0625 0.040234375
16 0.115625 0.43359375 0.103515625 0.026171875
13 0.0484375 0.3546875 0.04765625 0.025
12 0.01015625 0.64296875 0.019921875 0.051171875
13 0.08125 0.840625 0.02578125 0.024609375
16 0.053125 0.840625 0.10625 0.140625
13 0.1765625 0.81171875 0.028125 0.0484375
13 0.1515625 0.72890625 0.030859375 0.029296875
6 0.43828125 0.403125 0.0265625 0.022265625
6 0.459375 0.3828125 0.053515625 0.024609375
6 0.36875 0.46484375 0.0421875 0.04453125
6 0.32890625 0.50078125 0.03125 0.0453125
12 0.11953125 0.36015625 0.020703125 0.021875
6 0.0828125 0.2828125 0.02109375 0.01796875
0 0.26796875 0.62890625 0.0140625 0.014453125
13 0.765625 0.68359375 0.02421875 0.0234375
6 0.921875 0.29296875 0.03046875 0.03125
10 0.59453125 0.41484375 0.046875 0.0375
6 0.30625 0.44453125 0.096875 0.126953125
15 0.23515625 0.7890625 0.13046875 0.2328125
10 0.47890625 0.69296875 0.086328125 0.0453125
6 0.5546875 0.70234375 0.040625 0.017578125
6 0.1703125 0.353125 0.027734375 0.01875
13 0.08828125 0.459375 0.0296875 0.02578125
6 0.075 0.33046875 0.02109375 0.02265625
0 0.4171875 0.3921875 0.01015625 0.012109375
15 0.44296875 0.51328125 0.059375 0.0640625
6 0.48125 0.52890625 0.012890625 0.017578125
10 0.634375 0.8125 0.16015625 0.09921875
13 0.6375 0.39453125 0.025390625 0.0265625
6 0.26953125 0.45546875 0.05625 0.05625
6 0.1796875 0.41953125 0.0375 0.051171875
13 0.1859375 0.66328125 0.021484375 0.026171875