12 0.04453125 0.4484375 0.025 0.02578125
6 0.05078125 0.48046875 0.0546875 0.05859375
16 0.04765625 0.528125 0.09296875 0.0578125
13 0.1109375 0.4296875 0.05078125 0.0234375
12 0.16328125 0.7046875 0.02890625 0.04375
11 0.2890625 0.83828125 0.0421875 0.0828125
11 0.278125 0.81171875 0.03828125 0.0671875
13 0.35546875 0.9046875 0.0546875 0.0453125
15 0.3703125 0.76640625 0.23671875 0.21015625
11 0.25546875 0.65 0.0359375 0.06875
0 0.22265625 0.6890625 0.01640625 0.025
0 0.25 0.6078125 0.015625 0.021875
10 0.57265625 0.76640625 0.09609375 0.0921875
6 0.5125 0.83203125 0.06171875 0.0625
6 0.58046875 0.73828125 0.03359375 0.03046875
13 0.60390625 0.6890625 0.02734375 0.04375
13 0.53359375 0.653125 0.040625 0.040625
6 0.25390625 0.925 0.04921875 0.0359375
6 0.19921875 0.90546875 0.0140625 0.02734375
13 0.09296875 0.953125 0.028125 0.021875
16 0.159375 0.93203125 0.16484375 0.11484375
0 0.18359375 0.609375 0.0125 0.01796875
12 0.33671875 0.3734375 0.02109375 0.021875
13 0.33984375 0.3921875 0.03203125 0.02421875
0 0.375 0.44921875 0.0125 0.015625
6 0.34765625 0.44375 0.028125 0.02109375
12 0.42265625 0.4484375 0.02734375 0.028125
11 0.45625 0.69296875 0.034375 0.08203125
13 0.43671875 0.63359375 0.0234375 0.02890625
10 0.3859375 0.63125 0.0609375 0.07421875
13 0.48515625 0.53671875 0.04765625 0.04140625
11 0.5453125 0.3046875 0.02734375 0.053125
11 0.57890625 0.3171875 0.025 0.05625
0 0.59609375 0.35234375 0.009375 0.01171875
6 0.5671875 0.215625 0.040625 0.0265625
6 0.51796875 0.2296875 0.03984375 0.04609375
13 0.4328125 0.18671875 0.03203125 0.02265625
6 0.39609375 0.290625 0.021875 0.02265625
10 0.640625 0.7578125 0.07734375 0.12109375
13 0.68828125 0.7 0.02890625 0.034375
12 0.6953125 0.54765625 0.03046875 0.02734375
11 0.72109375 0.54375 0.0234375 0.04140625
0 0.70546875 0.490625 0.0140625 0.01640625
10 0.76640625 0.49765625 0.0578125 0.03984375
6 0.8 0.51875 0.01953125 0.0171875
13 0.81015625 0.534375 0.04375 0.03046875
10 0.8828125 0.3578125 0.06015625 0.04453125
6 0.9 0.32890625 0.03515625 0.03359375
11 0.9140625 0.0875 0.03671875 0.04140625
6 0.9375 0.115625 0.0390625 0.03125
10 0.84375 0.0671875 0.040625 0.02109375
6 0.8765625 0.1 0.04921875 0.0265625
6 0.74609375 0.26484375 0.0296875 0.04140625
6 0.71796875 0.32734375 0.0625 0.04609375
12 0.64140625 0.428125 0.02265625 0.02734375
6 0.09609375 0.35859375 0.0203125 0.0203125
6 0.06640625 0.36015625 0.02265625 0.02109375
6 0.1015625 0.40625 0.02265625 0.02734375
13 0.22578125 0.4984375 0.03125 0.03046875
12 0.2625 0.3265625 0.03515625 0.03203125
6 0.28125 0.4359375 0.078125 0.0578125
10 0.31484375 0.49609375 0.05859375 0.05078125
13 0.68671875 0.47734375 0.0265625 0.02265625
12 0.8140625 0.43984375 0.02421875 0.02265625
10 0.76796875 0.43828125 0.06328125 0.06953125
10 0.97578125 0.19921875 0.0484375 0.0359375
6 0.678125 0.0390625 0.0203125 0.01875
6 0.6734375 0.0609375 0.01484375 0.015625
6 0.7046875 0.07421875 0.01953125 0.01796875
6 0.3765625 0.4078125 0.065625 0.04140625
6 0.24296875 0.56875 0.0953125 0.04609375
12 0.1953125 0.553125 0.02265625 0.02265625
13 0.0703125 0.55 0.0265625 0.021875
6 0.24296875 0.2265625 0.01875 0.0171875
16 0.45546875 0.23203125 0.0671875 0.0546875
16 0.45 0.321875 0.1640625 0.06171875
6 0.34609375 0.35390625 0.02265625 0.0234375
13 0.340625 0.3375 0.03359375 0.01875
10 0.31484375 0.38359375 0.04453125 0.0640625
10 0.3 0.5546875 0.02734375 0.025
10 0.2453125 0.475 0.0375 0.04609375
6 0.2046875 0.428125 0.05390625 0.053125
6 0.01796875 0.8609375 0.03125 0.02734375
6 0.44921875 0.60078125 0.040625 0.0375
6 0.4109375 0.5875 0.03046875 0.02734375