6 0.475 0.6109375 0.03046875 0.02265625
10 0.503125 0.675 0.07578125 0.0703125
6 0.59140625 0.69140625 0.02734375 0.0421875
12 0.57109375 0.5875 0.0140625 0.0328125
6 0.6703125 0.69140625 0.015625 0.0140625
6 0.6453125 0.77109375 0.0109375 0.015625
6 0.61796875 0.5203125 0.02109375 0.01328125
13 0.6890625 0.32890625 0.01796875 0.01640625
6 0.70390625 0.265625 0.01015625 0.01171875
10 0.7234375 0.27578125 0.0375 0.02578125
6 0.7421875 0.29765625 0.00859375 0.009375
6 0.74765625 0.28125 0.00625 0.009375
6 0.76875 0.35390625 0.0125 0.01171875
13 0.775 0.3859375 0.01875 0.01640625
10 0.771875 0.2671875 0.0390625 0.025
10 0.7734375 0.29140625 0.03984375 0.02265625
10 0.7953125 0.31875 0.06171875 0.03828125
6 0.74453125 0.165625 0.02109375 0.0171875
6 0.77578125 0.13046875 0.0140625 0.01171875
6 0.7078125 0.1515625 0.0171875 0.0234375
0 0.64921875 0.2546875 0.00546875 0.00703125
6 0.62421875 0.08046875 0.01484375 0.01484375
0 0.6765625 0.07890625 0.00625 0.00546875
10 0.5296875 0.06875 0.02890625 0.01484375
13 0.58125 0.06015625 0.0109375 0.01015625
6 0.59453125 0.13203125 0.01796875 0.0140625
10 0.4359375 0.02890625 0.05859375 0.02578125
6 0.4953125 0.325 0.01640625 0.021875
6 0.4234375 0.1640625 0.01640625 0.01484375
16 0.3015625 0.11875 0.0484375 0.01953125
6 0.3125 0.4203125 0.015625 0.0234375
11 0.16640625 0.40703125 0.03828125 0.03203125
10 0.4453125 0.43125 0.07890625 0.0515625
13 0.440625 0.35625 0.015625 0.0140625
6 0.4078125 0.36953125 0.01796875 0.0125
6 0.2921875 0.709375 0.02578125 0.03203125
6 0.28515625 0.9109375 0.01875 0.02578125
0 0.91328125 0.4125 0.00859375 0.009375
10 0.8765625 0.42421875 0.05703125 0.04921875
13 0.846875 0.45078125 0.02734375 0.0296875
10 0.90390625 0.52265625 0.08984375 0.06640625
11 0.87734375 0.5703125 0.05 0.03359375
10 0.97578125 0.3453125 0.0484375 0.040625
6 0.9609375 0.8421875 0.02265625 0.01875
6 0.9640625 0.62421875 0.00859375 0.028125
0 0.7984375 0.49375 0.009375 0.01171875
15 0.5765625 0.36015625 0.0234375 0.021875
15 0.5546875 0.2984375 0.0171875 0.02421875
6 0.58046875 0.16328125 0.015625 0.0203125