10 0.590625 0.5671875 0.07265625 0.06171875
12 0.64140625 0.48125 0.0125 0.0265625
6 0.6953125 0.40703125 0.021875 0.01171875
6 0.68671875 0.584375 0.0265625 0.03671875
6 0.74921875 0.59375 0.0140625 0.015625
6 0.740625 0.675 0.009375 0.01171875
0 0.84453125 0.38203125 0.009375 0.0125
10 0.93359375 0.31640625 0.0609375 0.04921875
10 0.94453125 0.41328125 0.08515625 0.065625
11 0.91796875 0.45859375 0.0484375 0.025
13 0.88828125 0.3390625 0.02734375 0.0296875
11 0.23046875 0.43359375 0.04609375 0.0296875
6 0.38671875 0.78046875 0.0203125 0.0203125
6 0.3921875 0.584375 0.0234375 0.0328125
6 0.5703125 0.50234375 0.03125 0.0171875
13 0.74296875 0.21953125 0.0203125 0.01953125
6 0.57109375 0.20390625 0.02109375 0.0234375
6 0.60625 0.1828125 0.01875 0.02734375
10 0.77890625 0.1609375 0.05 0.040625
10 0.82421875 0.15234375 0.04921875 0.0296875
10 0.82890625 0.17734375 0.03984375 0.02734375
10 0.8421875 0.2078125 0.0640625 0.04140625
13 0.8265625 0.278125 0.01953125 0.01953125
6 0.75 0.15546875 0.0109375 0.01328125
6 0.7921875 0.1875 0.01015625 0.0109375
6 0.821875 0.24609375 0.0125 0.01484375
6 0.79375 0.0484375 0.02109375 0.01875
6 0.83125 0.0171875 0.01328125 0.01015625
10 0.93515625 0.3765625 0.02421875 0.0171875
15 0.62734375 0.2453125 0.021875 0.02265625
6 0.40703125 0.31015625 0.0171875 0.01796875
13 0.53203125 0.24453125 0.015625 0.009375
6 0.75546875 0.02890625 0.021875 0.03125