13 0.91875 0.4453125 0.030859375 0.024609375
13 0.86484375 0.42421875 0.015625 0.01640625
13 0.825 0.4625 0.0140625 0.009375
12 0.9421875 0.34765625 0.012890625 0.0125
11 0.71796875 0.41015625 0.040625 0.039453125
10 0.66640625 0.396875 0.0265625 0.028515625
10 0.621875 0.4234375 0.052734375 0.062890625
13 0.721875 0.46171875 0.052734375 0.03125
0 0.75859375 0.465625 0.007421875 0.00625
10 0.675 0.48984375 0.09609375 0.07265625
12 0.925 0.75 0.025390625 0.028125
10 0.90390625 0.74765625 0.023828125 0.046875
13 0.9328125 0.69375 0.021484375 0.02578125
13 0.8375 0.8515625 0.040234375 0.03125
13 0.81015625 0.871875 0.0328125 0.02578125
10 0.81953125 0.87734375 0.0515625 0.067578125
10 0.7421875 0.57890625 0.06484375 0.054296875
10 0.82578125 0.51796875 0.041796875 0.046875
10 0.79140625 0.53671875 0.0859375 0.064453125
10 0.7953125 0.50390625 0.04609375 0.03359375
10 0.79921875 0.5796875 0.0546875 0.04765625
13 0.8 0.5640625 0.018359375 0.022265625
13 0.78515625 0.57734375 0.0203125 0.02421875
13 0.65 0.8203125 0.09375 0.0328125
13 0.6828125 0.59453125 0.02109375 0.016796875
10 0.71796875 0.5625 0.0203125 0.018359375
10 0.55078125 0.634375 0.14375 0.109765625
16 0.6375 0.6234375 0.053125 0.065234375
13 0.53046875 0.7515625 0.033203125 0.0375
13 0.6953125 0.66875 0.01484375 0.01953125
13 0.44375 0.57890625 0.0359375 0.040625
12 0.440625 0.60703125 0.024609375 0.023828125
13 0.2875 0.7546875 0.03828125 0.044140625
13 0.29765625 0.7765625 0.0421875 0.037890625
0 0.3640625 0.84609375 0.01015625 0.011328125
13 0.39375 0.496875 0.01875 0.021484375
12 0.41796875 0.53203125 0.017578125 0.017578125
10 0.4234375 0.5359375 0.07734375 0.06015625
16 0.2328125 0.94296875 0.074609375 0.0578125
13 0.2328125 0.928125 0.028125 0.027734375
13 0.2046875 0.93515625 0.02421875 0.03359375
13 0.15234375 0.9234375 0.0265625 0.040625
11 0.09375 0.86015625 0.0359375 0.0921875
11 0.16484375 0.8734375 0.1 0.0625
13 0.11484375 0.925 0.083203125 0.069140625
13 0.046875 0.87890625 0.062890625 0.070703125
12 0.0375 0.94609375 0.02421875 0.02265625
0 0.16796875 0.8 0.0109375 0.01171875
0 0.134375 0.79296875 0.01171875 0.01875
13 0.02265625 0.8375 0.028125 0.0328125
13 0.01171875 0.81796875 0.0234375 0.032421875
13 0.1046875 0.696875 0.025 0.03125
13 0.21875 0.63828125 0.0234375 0.02890625
10 0.3140625 0.87734375 0.09140625 0.0796875
13 0.26953125 0.87421875 0.059375 0.0265625
13 0.25390625 0.8625 0.021875 0.01953125
13 0.40234375 0.6625 0.0296875 0.037109375
13 0.3890625 0.646875 0.01796875 0.02421875
10 0.3921875 0.70078125 0.06015625 0.060546875
10 0.4359375 0.659375 0.04765625 0.0625
13 0.4578125 0.67578125 0.015625 0.03515625
13 0.34296875 0.68515625 0.039453125 0.057421875
13 0.41640625 0.70625 0.017578125 0.02421875
13 0.4515625 0.74609375 0.01953125 0.01640625
13 0.42109375 0.49375 0.038671875 0.031640625
13 0.6125 0.51484375 0.041015625 0.030078125
0 0.659375 0.49765625 0.009375 0.0125
13 0.765625 0.40703125 0.037109375 0.03125
10 0.859375 0.390625 0.04296875 0.037109375
0 0.9046875 0.6234375 0.009765625 0.0125
10 0.7609375 0.69921875 0.034765625 0.044921875
10 0.5703125 0.46796875 0.05859375 0.040625
10 0.4703125 0.44921875 0.025 0.016796875
10 0.52890625 0.44453125 0.0625 0.05078125
13 0.8875 0.5578125 0.02578125 0.02109375