10 0.2921875 0.734375 0.13515625 0.0390625
10 0.18203125 0.61015625 0.092578125 0.030078125
10 0.9625 0.6140625 0.075 0.02890625
10 0.8546875 0.55 0.103515625 0.02421875
10 0.79921875 0.534375 0.06875 0.015234375
10 0.79140625 0.51875 0.064453125 0.01796875
6 0.75234375 0.534375 0.014453125 0.00625
6 0.80546875 0.56796875 0.0234375 0.0078125
13 0.821875 0.58671875 0.03046875 0.01171875
0 0.87890625 0.65234375 0.015625 0.007421875
10 0.725 0.51875 0.06953125 0.01796875
6 0.696875 0.51328125 0.01953125 0.00859375
13 0.66953125 0.5484375 0.034375 0.01015625
0 0.6296875 0.50859375 0.01015625 0.0046875
15 0.46953125 0.571875 0.0390625 0.01328125
15 0.4453125 0.5390625 0.024609375 0.016015625
6 0.49140625 0.65859375 0.038671875 0.008203125
12 0.4703125 0.69453125 0.031640625 0.014453125
6 0.4203125 0.74375 0.046875 0.01953125
6 0.6125 0.7515625 0.02734375 0.009375
13 0.96015625 0.6328125 0.051953125 0.015234375
11 0.99296875 0.69609375 0.0140625 0.011328125
13 0.48984375 0.40234375 0.0203125 0.005078125
10 0.44296875 0.33671875 0.06328125 0.00859375
6 0.50625 0.44453125 0.028515625 0.008203125
10 0.425 0.40703125 0.046484375 0.008203125
12 0.39140625 0.38671875 0.019921875 0.005078125
10 0.25 0.3921875 0.1 0.01484375
16 0.24140625 0.37734375 0.0484375 0.0125
6 0.22265625 0.7109375 0.04375 0.018359375
6 0.303125 0.54921875 0.02578125 0.0125
6 0.76015625 0.46328125 0.0359375 0.00859375
6 0.8125 0.44375 0.022265625 0.005859375
6 0.575 0.41484375 0.02578125 0.00625
6 0.2203125 0.3109375 0.0390625 0.00859375