10 0.87265625 0.6390625 0.06875 0.040234375
10 0.80390625 0.465625 0.0875 0.06796875
8 0.77890625 0.4203125 0.048828125 0.028515625
10 0.7734375 0.559375 0.058984375 0.046875
9 0.80234375 0.571875 0.009375 0.01171875
13 0.74921875 0.53203125 0.0234375 0.02890625
9 0.70390625 0.4890625 0.0078125 0.01015625
13 0.6796875 0.59296875 0.01875 0.01875
6 0.853125 0.16484375 0.0203125 0.01796875
6 0.98359375 0.08828125 0.017578125 0.045703125
10 0.9796875 0.33359375 0.040234375 0.055078125
10 0.9703125 0.38046875 0.05234375 0.048046875
6 0.8546875 0.36953125 0.0078125 0.02578125
6 0.89375 0.3546875 0.01484375 0.0140625
6 0.79921875 0.24296875 0.02109375 0.01015625
9 0.5828125 0.2890625 0.015234375 0.01640625
6 0.55625 0.20234375 0.0109375 0.0125
9 0.50703125 0.2796875 0.0265625 0.037890625
7 0.43203125 0.2921875 0.075 0.068359375
9 0.403125 0.3484375 0.028125 0.027734375
12 0.496875 0.38125 0.012109375 0.03046875
9 0.53046875 0.45078125 0.020703125 0.015625
10 0.7015625 0.6578125 0.049609375 0.034375
6 0.67265625 0.6234375 0.01171875 0.0125
6 0.646875 0.67734375 0.0078125 0.01015625
6 0.65 0.69296875 0.006640625 0.009375
10 0.67265625 0.684375 0.0390625 0.01875
10 0.67109375 0.7078125 0.038671875 0.02734375
10 0.62890625 0.6984375 0.036328125 0.025390625
6 0.6109375 0.7078125 0.009375 0.009765625
6 0.646875 0.80234375 0.01953125 0.01328125
6 0.65859375 0.75859375 0.011328125 0.013671875
10 0.61015625 0.815625 0.016796875 0.024609375
0 0.56328125 0.71484375 0.00625 0.0078125
13 0.49296875 0.89921875 0.0109375 0.009375
6 0.49921875 0.79765625 0.013671875 0.019921875
6 0.51015625 0.828125 0.01875 0.009765625
10 0.4484375 0.88828125 0.027734375 0.0140625
6 0.4296875 0.93046875 0.0109375 0.00625
16 0.359375 0.94453125 0.02421875 0.021875
10 0.36171875 0.9171875 0.051953125 0.02734375
16 0.22890625 0.8203125 0.051171875 0.016015625
9 0.25703125 0.5234375 0.013671875 0.018359375
13 0.36875 0.59921875 0.0171875 0.01171875
6 0.3375 0.58125 0.016015625 0.008984375
6 0.41796875 0.63359375 0.0171875 0.01875
15 0.47734375 0.66171875 0.016796875 0.0234375
15 0.50234375 0.603125 0.0234375 0.02265625
13 0.59921875 0.64609375 0.017578125 0.016796875
6 0.6765625 0.8359375 0.0125 0.012109375
6 0.98515625 0.59609375 0.0140625 0.0234375
8 0.08984375 0.54375 0.025 0.034765625
6 0.24296875 0.2125 0.02265625 0.03984375