10 0.50625 0.68046875 0.05546875 0.048828125
10 0.52421875 0.5984375 0.0515625 0.07265625
11 0.51171875 0.5390625 0.041796875 0.031640625
13 0.45546875 0.61015625 0.025 0.0265625
0 0.446875 0.55078125 0.0078125 0.009375
10 0.40703125 0.71171875 0.073046875 0.03125
10 0.3953125 0.76015625 0.046875 0.026953125
10 0.39765625 0.7375 0.048046875 0.022265625
13 0.3234375 0.61328125 0.01875 0.01875
10 0.32109375 0.7046875 0.05 0.03828125
10 0.18828125 0.3921875 0.04765625 0.06484375
10 0.0765625 0.346875 0.03125 0.022265625
10 0.12109375 0.0734375 0.032421875 0.046484375
10 0.0984375 0.53984375 0.031640625 0.019921875
16 0.30234375 0.6140625 0.019921875 0.016015625
16 0.27265625 0.603125 0.026171875 0.008984375
13 0.4109375 0.62734375 0.02109375 0.014453125
11 0.27109375 0.06171875 0.045703125 0.086328125
12 0.4203125 0.209375 0.028515625 0.037890625
10 0.4140625 0.1 0.10234375 0.09453125
10 0.6625 0.78671875 0.065234375 0.042578125
10 0.80234375 0.584375 0.05625 0.078515625
16 0.88984375 0.77578125 0.042578125 0.051953125
10 0.9765625 0.5625 0.046484375 0.05546875
12 0.971875 0.61796875 0.021875 0.0234375
12 0.9390625 0.5921875 0.016015625 0.021484375
6 0.52890625 0.25859375 0.033203125 0.0390625
6 0.5703125 0.2625 0.015234375 0.018359375
6 0.48828125 0.603125 0.020703125 0.018359375
6 0.396875 0.65390625 0.012890625 0.014453125
13 0.18828125 0.521875 0.011328125 0.01875
13 0.34140625 0.67578125 0.01015625 0.01171875
10 0.98359375 0.6984375 0.0328125 0.040234375
6 0.9015625 0.565625 0.01328125 0.01875
6 0.4 0.22421875 0.041015625 0.025
10 0.0515625 0.86875 0.046484375 0.025
6 0.1609375 0.87421875 0.01796875 0.015625
13 0.115625 0.8765625 0.01875 0.012890625
6 0.36875 0.8609375 0.015625 0.01484375
6 0.2890625 0.70390625 0.0125 0.016796875
6 0.4 0.4625 0.01953125 0.01953125
0 0.24375 0.67421875 0.0078125 0.01171875
0 0.58125 0.725 0.00703125 0.01171875
6 0.975 0.95703125 0.015234375 0.0109375
10 0.66875 0.93203125 0.03046875 0.03203125