7 0.5265625 0.53828125 0.102734375 0.029296875
9 0.42890625 0.59609375 0.03515625 0.01328125
12 0.496875 0.5703125 0.02734375 0.01171875
9 0.38203125 0.5921875 0.01484375 0.00625
9 0.5125 0.57890625 0.034375 0.011328125
7 0.4546875 0.7046875 0.05390625 0.024609375
8 0.4625 0.68515625 0.034765625 0.007421875
7 0.47890625 0.734375 0.0515625 0.015625
7 0.57734375 0.76484375 0.053125 0.009375
7 0.5734375 0.75703125 0.05234375 0.008203125
7 0.5671875 0.746875 0.074609375 0.009765625
9 0.5984375 0.75546875 0.01328125 0.003125
9 0.625 0.7375 0.012109375 0.003515625
9 0.5640625 0.71796875 0.025 0.005078125
9 0.51875 0.71171875 0.025390625 0.009375
7 0.48984375 0.70703125 0.0234375 0.007421875
9 0.52734375 0.69296875 0.009375 0.00234375
9 0.63984375 0.7140625 0.02265625 0.00703125
7 0.63671875 0.74921875 0.05 0.0109375
9 0.66953125 0.74921875 0.015625 0.00390625
9 0.71171875 0.740625 0.008203125 0.003125
9 0.63671875 0.78515625 0.028125 0.00625
9 0.58828125 0.7953125 0.015625 0.00390625
7 0.27734375 0.759375 0.073828125 0.01328125
7 0.2515625 0.803125 0.02109375 0.006640625
7 0.21484375 0.85859375 0.048046875 0.007421875
7 0.2359375 0.87109375 0.025390625 0.0046875
7 0.240625 0.8828125 0.01328125 0.00625
7 0.6171875 0.9390625 0.037890625 0.005859375
7 0.81796875 0.89921875 0.048828125 0.00625
7 0.98203125 0.9125 0.035546875 0.00625
12 0.95390625 0.853125 0.0125 0.003125
7 0.8859375 0.81328125 0.04609375 0.00625
9 0.83515625 0.81015625 0.01796875 0.00390625
7 0.79765625 0.8109375 0.01875 0.005859375
7 0.7609375 0.55546875 0.0359375 0.01171875
8 0.690625 0.5421875 0.037109375 0.022265625
9 0.27265625 0.5484375 0.0125 0.00390625
7 0.20546875 0.58515625 0.02265625 0.0046875
7 0.1671875 0.55234375 0.018359375 0.00625
9 0.559375 0.6671875 0.025 0.005859375
7 0.8203125 0.69375 0.034375 0.005859375
7 0.7296875 0.64453125 0.053125 0.019921875
7 0.8078125 0.6359375 0.027734375 0.00859375
7 0.80234375 0.66796875 0.023828125 0.0046875
7 0.74140625 0.68984375 0.015625 0.00625
7 0.396875 0.346875 0.093359375 0.041015625