11 0.03828125 0.89921875 0.04609375 0.0796875
0 0.06484375 0.94921875 0.01484375 0.01796875
0 0.1078125 0.834375 0.0140625 0.028125
10 0.12421875 0.68984375 0.071875 0.07265625
13 0.05 0.69609375 0.0359375 0.03984375
13 0.06640625 0.6015625 0.0953125 0.06953125
11 0.43828125 0.421875 0.0359375 0.07265625
11 0.4734375 0.44453125 0.03359375 0.075
13 0.3375 0.73203125 0.0671875 0.0578125
13 0.41328125 0.88046875 0.04140625 0.05390625
13 0.49921875 0.9234375 0.053125 0.05078125
12 0.56640625 0.5640625 0.0328125 0.04140625
11 0.64453125 0.72890625 0.02890625 0.06015625
13 0.62109375 0.44921875 0.08046875 0.0546875
13 0.73828125 0.715625 0.05078125 0.04765625
12 0.765625 0.5890625 0.0328125 0.03359375
10 0.696875 0.7546875 0.05859375 0.0578125
10 0.70078125 0.66484375 0.06953125 0.05
0 0.74453125 0.78046875 0.01640625 0.01484375
13 0.653125 0.36875 0.046875 0.05390625
11 0.33359375 0.94296875 0.04375 0.078125
0 0.17578125 0.63515625 0.0171875 0.02265625
13 0.14375 0.546875 0.04296875 0.03359375
13 0.275 0.2890625 0.04296875 0.02578125
10 0.84453125 0.490625 0.05234375 0.06015625
0 0.55390625 0.65390625 0.01484375 0.01796875
0 0.6046875 0.68515625 0.015625 0.01796875
13 0.61171875 0.6421875 0.034375 0.0359375
0 0.6328125 0.65703125 0.0234375 0.0203125
13 0.94375 0.63671875 0.08671875 0.03984375
10 0.9203125 0.590625 0.08359375 0.06171875
10 0.77109375 0.7515625 0.0703125 0.04765625
10 0.9453125 0.2859375 0.0734375 0.04765625
13 0.9078125 0.1859375 0.0421875 0.0390625
13 0.81953125 0.16015625 0.0609375 0.03828125
0 0.75859375 0.321875 0.0140625 0.015625
0 0.5109375 0.490625 0.01328125 0.0140625
12 0.615625 0.734375 0.03046875 0.03515625
13 0.7890625 0.81875 0.11171875 0.0703125
12 0.25078125 0.8171875 0.03828125 0.034375
15 0.03046875 0.74453125 0.06015625 0.27265625
6 0.07421875 0.7765625 0.1171875 0.0984375
10 0.2234375 0.8765625 0.0828125 0.09296875
13 0.28671875 0.875 0.0359375 0.0390625
13 0.23359375 0.8703125 0.0234375 0.02578125
13 0.2546875 0.71328125 0.0390625 0.025
13 0.1875 0.571875 0.084375 0.0484375
12 0.1421875 0.52421875 0.02578125 0.02578125
15 0.06875 0.50703125 0.13671875 0.1484375
16 0.30546875 0.33671875 0.11328125 0.06015625
16 0.2828125 0.453125 0.234375 0.09453125
10 0.5625 0.15390625 0.0421875 0.04375
10 0.54921875 0.60625 0.0484375 0.046875
11 0.85546875 0.14921875 0.025 0.05546875
15 0.6671875 0.56328125 0.20234375 0.16015625
15 0.6046875 0.93515625 0.18125 0.1296875
15 0.215625 0.9546875 0.253125 0.090625
15 0.26640625 0.728125 0.2625 0.25078125
10 0.50625 0.1828125 0.04453125 0.0296875
13 0.43828125 0.3046875 0.04375 0.040625
13 0.36328125 0.609375 0.0203125 0.07265625
10 0.859375 0.7421875 0.0421875 0.04375
10 0.228125 0.28515625 0.03671875 0.03203125