0 0.03828125 0.69921875 0.00859375 0.00859375
11 0.121875 0.59765625 0.02109375 0.03125
11 0.12109375 0.5921875 0.01875 0.03125
6 0.17578125 0.59140625 0.028125 0.02578125
6 0.15078125 0.725 0.02109375 0.0390625
12 0.2265625 0.7328125 0.01875 0.0203125
10 0.29765625 0.69609375 0.0359375 0.03359375
6 0.296875 0.75703125 0.0125 0.0125
6 0.29765625 0.8171875 0.0109375 0.01328125
6 0.29921875 0.79140625 0.0140625 0.009375
12 0.36171875 0.69921875 0.01484375 0.015625
6 0.3734375 0.6953125 0.015625 0.0265625
6 0.35625 0.665625 0.01328125 0.01640625
13 0.415625 0.7625 0.02421875 0.01640625
13 0.43125 0.775 0.01875 0.01796875
6 0.42578125 0.78671875 0.025 0.025
6 0.4359375 0.70625 0.0203125 0.01796875
6 0.4578125 0.68125 0.0171875 0.0265625
6 0.48671875 0.75859375 0.0109375 0.01328125
6 0.525 0.7625 0.059375 0.01875
6 0.51640625 0.73125 0.00859375 0.01015625
6 0.50078125 0.65859375 0.01015625 0.01171875
16 0.53203125 0.6328125 0.02890625 0.040625
10 0.56015625 0.65859375 0.04296875 0.0421875
10 0.60859375 0.64609375 0.05390625 0.034375
13 0.64296875 0.621875 0.0234375 0.025
12 0.646875 0.64140625 0.0140625 0.015625
0 0.63359375 0.66640625 0.00703125 0.00625
6 0.63828125 0.71875 0.01328125 0.01328125
13 0.734375 0.7546875 0.028125 0.02578125
13 0.753125 0.76171875 0.01171875 0.01328125
13 0.7421875 0.740625 0.02421875 0.03359375
13 0.79375 0.66796875 0.01484375 0.01796875
10 0.77734375 0.75546875 0.07421875 0.07421875
13 0.7828125 0.8640625 0.025 0.0265625
13 0.7984375 0.8765625 0.01484375 0.01875
11 0.81484375 0.84140625 0.06875 0.05234375
13 0.83359375 0.8765625 0.01640625 0.02734375
0 0.8453125 0.78515625 0.0078125 0.009375
12 0.90859375 0.89609375 0.01875 0.0203125
11 0.86953125 0.8328125 0.0296875 0.065625
11 0.9390625 0.74921875 0.02265625 0.0328125
6 0.90546875 0.84921875 0.0484375 0.046875
6 0.95390625 0.83828125 0.03359375 0.05
13 0.95859375 0.8640625 0.028125 0.01953125
0 0.97890625 0.8265625 0.00859375 0.01015625
0 0.978125 0.88515625 0.009375 0.01171875
6 0.96640625 0.7921875 0.01953125 0.01796875
0 0.9625 0.73515625 0.01328125 0.0125
0 0.98203125 0.73359375 0.009375 0.009375
13 0.75546875 0.82421875 0.03828125 0.021875
13 0.7578125 0.70390625 0.015625 0.0234375
10 0.65078125 0.675 0.02890625 0.0375
6 0.6609375 0.70546875 0.01171875 0.015625
6 0.653125 0.70625 0.01015625 0.00859375
6 0.70703125 0.6953125 0.028125 0.0375
6 0.696875 0.7296875 0.0109375 0.0125
13 0.68203125 0.57421875 0.01328125 0.01328125
6 0.66484375 0.5734375 0.0234375 0.01640625
12 0.665625 0.59453125 0.01171875 0.01171875
0 0.64609375 0.578125 0.0046875 0.00390625
6 0.58515625 0.71328125 0.01328125 0.01015625
10 0.68046875 0.70625 0.0359375 0.034375
0 0.690625 0.7984375 0.0078125 0.009375
0 0.684375 0.83984375 0.01796875 0.02109375
12 0.7078125 0.56015625 0.01015625 0.01015625
13 0.70234375 0.55234375 0.0125 0.0125
11 0.4765625 0.5046875 0.0296875 0.02109375
6 0.50703125 0.49921875 0.015625 0.0203125
6 0.478125 0.53828125 0.03125 0.01953125
6 0.45 0.503125 0.021875 0.01796875
6 0.46796875 0.61015625 0.03671875 0.034375
13 0.45078125 0.60859375 0.01484375 0.01171875
13 0.50234375 0.61640625 0.01328125 0.01328125
10 0.4375 0.60546875 0.02890625 0.0296875
10 0.41796875 0.5703125 0.0265625 0.028125
10 0.44375 0.57578125 0.04921875 0.05234375
13 0.359375 0.5171875 0.01484375 0.01640625
10 0.38984375 0.4890625 0.0234375 0.0234375
6 0.3984375 0.503125 0.009375 0.01171875
6 0.4125 0.48203125 0.0109375 0.00859375
6 0.4171875 0.4890625 0.0109375 0.009375
0 0.38125 0.6234375 0.0046875 0.00703125
0 0.30625 0.5640625 0.00703125 0.00859375
6 0.19375 0.54453125 0.03515625 0.02890625
6 0.23203125 0.6484375 0.04296875 0.03359375
6 0.23125 0.57265625 0.01796875 0.02421875
6 0.240625 0.53359375 0.021875 0.0203125
6 0.21171875 0.5109375 0.0203125 0.01328125
13 0.19375 0.86328125 0.0375 0.025
10 0.19375 0.825 0.0421875 0.05390625
12 0.16328125 0.6859375 0.01796875 0.01640625
13 0.0921875 0.771875 0.015625 0.0171875
0 0.1265625 0.62421875 0.00546875 0.0109375
12 0.1109375 0.65390625 0.01328125 0.01328125
6 0.18046875 0.7140625 0.03984375 0.04453125
6 0.16796875 0.7375 0.0109375 0.01015625
6 0.2421875 0.628125 0.01953125 0.01796875
13 0.04921875 0.72890625 0.02109375 0.01015625
10 0.07578125 0.71015625 0.0328125 0.03046875
13 0.06640625 0.6859375 0.01640625 0.01328125
0 0.0625 0.69453125 0.0109375 0.0125
12 0.0484375 0.546875 0.01796875 0.01484375
16 0.07578125 0.57421875 0.065625 0.0421875
16 0.1546875 0.53671875 0.06640625 0.01328125
16 0.18515625 0.47890625 0.03515625 0.0453125
6 0.22734375 0.55234375 0.01328125 0.01328125
13 0.22578125 0.70390625 0.009375 0.01484375
6 0.23828125 0.67109375 0.01796875 0.0171875
10 0.290625 0.51484375 0.02578125 0.02734375
6 0.54296875 0.56875 0.028125 0.0171875
10 0.66171875 0.59609375 0.05625 0.03828125
6 0.74765625 0.68515625 0.01875 0.01796875
6 0.809375 0.80234375 0.0171875 0.01796875
13 0.93515625 0.81796875 0.02109375 0.03046875
13 0.92578125 0.82734375 0.02109375 0.0203125
6 0.92421875 0.78515625 0.02421875 0.01953125
6 0.05859375 0.76640625 0.0265625 0.02890625
6 0.075 0.66484375 0.03515625 0.0140625
6 0.125 0.72890625 0.0125 0.0109375
6 0.203125 0.53046875 0.015625 0.0140625
6 0.24921875 0.51328125 0.0171875 0.01171875
0 0.453125 0.5390625 0.00546875 0.00703125
10 0.56953125 0.54453125 0.02421875 0.01953125
10 0.6015625 0.728125 0.0203125 0.021875
6 0.63515625 0.68046875 0.00859375 0.0203125
6 0.65859375 0.63984375 0.0140625 0.0140625
6 0.6640625 0.65390625 0.01640625 0.0109375
6 0.725 0.803125 0.021875 0.0234375
6 0.72578125 0.8234375 0.0640625 0.0484375
16 0.78125 0.87734375 0.05625 0.04375
6 0.7578125 0.88125 0.03671875 0.03359375
0 0.821875 0.7796875 0.0078125 0.00859375
13 0.03984375 0.5625 0.01328125 0.0078125
13 0.04296875 0.571875 0.0140625 0.0109375
10 0.20234375 0.64140625 0.01875 0.0328125
6 0.2328125 0.61484375 0.01484375 0.0171875
6 0.11328125 0.79609375 0.04140625 0.03359375
6 0.28359375 0.72734375 0.01328125 0.01953125
6 0.37265625 0.85234375 0.05 0.059375
13 0.5515625 0.8734375 0.01328125 0.01796875
6 0.6765625 0.74609375 0.1265625 0.1
6 0.86796875 0.72265625 0.0125 0.01875
13 0.93203125 0.79296875 0.009375 0.015625
6 0.96328125 0.73046875 0.01640625 0.01640625
6 0.965625 0.89765625 0.0203125 0.021875
6 0.63125 0.54375 0.01484375 0.01015625
6 0.63046875 0.55703125 0.0140625 0.0125
10 0.53203125 0.5140625 0.03203125 0.04296875
10 0.50859375 0.55703125 0.06171875 0.04609375
10 0.41484375 0.540625 0.03671875 0.021875
6 0.38671875 0.5875 0.0171875 0.01171875
10 0.01640625 0.56328125 0.01953125 0.01484375
13 0.00546875 0.55078125 0.01015625 0.0078125
6 0.03125 0.55390625 0.015625 0.0125
12 0.01328125 0.58359375 0.0125 0.0109375