13 0.4359375 0.465625 0.01484375 0.04765625
0 0.4703125 0.40703125 0.01484375 0.021875
12 0.55859375 0.49140625 0.0296875 0.0421875
10 0.60390625 0.471875 0.0859375 0.0953125
0 0.63515625 0.58359375 0.0125 0.01875
12 0.6453125 0.378125 0.028125 0.03125
10 0.6828125 0.3875 0.087890625 0.105859375
6 0.734375 0.17734375 0.030859375 0.039453125
6 0.39296875 0.4984375 0.023046875 0.034375
10 0.2203125 0.45625 0.03359375 0.072265625
10 0.053125 0.61015625 0.105859375 0.126171875
10 0.06328125 0.4984375 0.1265625 0.10546875
13 0.01640625 0.4390625 0.0328125 0.05
10 0.03984375 0.4046875 0.076171875 0.096875
10 0.13515625 0.37890625 0.166796875 0.111328125
11 0.06171875 0.296875 0.08828125 0.0703125
10 0.15625 0.29140625 0.094140625 0.096875
6 0.09921875 0.2171875 0.08515625 0.09765625
16 0.171875 0.453125 0.143359375 0.084765625
10 0.059375 0.74140625 0.094140625 0.076171875