11 0.26953125 0.653125 0.05 0.03671875
13 0.26171875 0.74296875 0.0421875 0.04375
6 0.37578125 0.6578125 0.035546875 0.03515625
6 0.34765625 0.6640625 0.02421875 0.0265625
10 0.63359375 0.53984375 0.038671875 0.048046875
6 0.68515625 0.6390625 0.01796875 0.025
10 0.66015625 0.51015625 0.04375 0.04375
11 0.56484375 0.478125 0.0171875 0.04296875
10 0.64765625 0.4625 0.02890625 0.03359375
16 0.61640625 0.44140625 0.057421875 0.040625
10 0.5984375 0.47265625 0.077734375 0.0609375
10 0.5671875 0.43828125 0.03515625 0.0453125
6 0.54375 0.47265625 0.01328125 0.026171875
0 0.51015625 0.45546875 0.0078125 0.0109375
13 0.525 0.44296875 0.02265625 0.03046875
10 0.54453125 0.390625 0.06484375 0.04609375
10 0.5375 0.34140625 0.059765625 0.048828125
10 0.54453125 0.265625 0.05 0.030859375
6 0.53359375 0.2125 0.01796875 0.0109375
6 0.58671875 0.15078125 0.014453125 0.014453125
6 0.61484375 0.1171875 0.009375 0.0125
10 0.79765625 0.4921875 0.0578125 0.04921875
10 0.85390625 0.5265625 0.0421875 0.056640625
6 0.8484375 0.56640625 0.019140625 0.021875
12 0.78359375 0.528125 0.014453125 0.01953125
6 0.7625 0.56875 0.012109375 0.01328125
0 0.75 0.5046875 0.0078125 0.01171875
13 0.73125 0.48046875 0.01171875 0.023046875
12 0.74765625 0.47109375 0.020703125 0.023828125
0 0.4109375 0.40859375 0.00859375 0.011328125
10 0.41953125 0.4796875 0.058203125 0.06015625
10 0.38203125 0.20078125 0.03125 0.028125
10 0.35390625 0.22421875 0.04296875 0.03125
12 0.36875 0.22421875 0.01015625 0.01328125
13 0.3125 0.20078125 0.009375 0.011328125
10 0.353125 0.26171875 0.034375 0.038671875
10 0.325 0.2515625 0.0375 0.024609375
13 0.29453125 0.29609375 0.016796875 0.0140625
10 0.2515625 0.19296875 0.037890625 0.0265625
16 0.14921875 0.1890625 0.051171875 0.016015625
0 0.2859375 0.54140625 0.009375 0.011328125
6 0.2359375 0.50078125 0.01484375 0.015625
6 0.24296875 0.3203125 0.014453125 0.0125
6 0.20625 0.146875 0.009765625 0.008984375
6 0.24375 0.14609375 0.009375 0.0078125
6 0.64609375 0.78515625 0.01640625 0.02890625