13 0.0890625 0.10859375 0.065625 0.0390625
13 0.290625 0.29140625 0.041015625 0.0375
10 0.4203125 0.48671875 0.124609375 0.0921875
0 0.59375 0.4140625 0.015234375 0.022265625
13 0.64140625 0.44453125 0.05625 0.036328125
10 0.66640625 0.4078125 0.0890625 0.074609375
10 0.6953125 0.490625 0.11796875 0.0859375
10 0.69765625 0.59453125 0.1046875 0.117578125
16 0.80078125 0.3984375 0.141796875 0.077734375
10 0.84296875 0.37265625 0.032421875 0.0703125
10 0.76015625 0.3421875 0.158203125 0.109765625
11 0.678125 0.29296875 0.0625 0.039453125
10 0.7859375 0.25078125 0.08671875 0.09921875
10 0.72421875 0.2140625 0.0765625 0.0890625
10 0.7265625 0.71328125 0.080859375 0.0625
6 0.89375 0.90546875 0.03671875 0.038671875
6 0.6875 0.8375 0.024609375 0.021484375
12 0.64375 0.940625 0.01796875 0.02578125
10 0.56015625 0.9375 0.045703125 0.052734375
10 0.5125 0.89765625 0.049609375 0.0546875
0 0.2765625 0.5015625 0.0140625 0.01484375
13 0.36015625 0.7328125 0.03125 0.030859375
0 0.45234375 0.5796875 0.015625 0.02265625
10 0.4921875 0.7828125 0.072265625 0.083984375
10 0.4265625 0.8046875 0.078125 0.0578125
6 0.42109375 0.95859375 0.023828125 0.020703125
0 0.5375 0.57734375 0.01328125 0.01875
6 0.5984375 0.36484375 0.0484375 0.04140625