10 0.50859375 0.66640625 0.086328125 0.089453125
10 0.565625 0.7171875 0.07421875 0.087890625
11 0.603125 0.64765625 0.077734375 0.042578125
13 0.659375 0.51015625 0.05625 0.041796875
10 0.63125 0.5390625 0.08671875 0.07890625
10 0.5359375 0.58203125 0.158984375 0.0875
10 0.459375 0.5359375 0.024609375 0.07109375
16 0.50234375 0.52421875 0.135546875 0.05
13 0.2390625 0.57578125 0.018359375 0.0515625
12 0.1140625 0.58046875 0.033984375 0.05
10 0.0640625 0.60078125 0.093359375 0.0953125
12 0.0203125 0.70078125 0.03359375 0.0359375
10 0.59921875 0.23203125 0.078125 0.0640625
10 0.6171875 0.35703125 0.1015625 0.1125
10 0.61015625 0.45703125 0.1265625 0.092578125
10 0.90625 0.49921875 0.11171875 0.094921875
10 0.840625 0.2 0.084765625 0.096875
10 0.909375 0.1953125 0.071484375 0.052734375
13 0.92890625 0.02890625 0.0265625 0.020703125
10 0.82578125 0.07421875 0.0484375 0.04375
10 0.775 0.0375 0.049609375 0.04921875
6 0.64375 0.11796875 0.022265625 0.0171875
0 0.70546875 0.55078125 0.013671875 0.0203125
6 0.4953125 0.9359375 0.028515625 0.049609375
6 0.69921875 0.5984375 0.0421875 0.044140625
13 0.98203125 0.27421875 0.032421875 0.0359375
0 0.8703125 0.40625 0.015625 0.019140625
12 0.68046875 0.01796875 0.015625 0.028125