11 0.03125 0.73984375 0.062109375 0.042578125
16 0.371875 0.35390625 0.07578125 0.032421875
6 0.43203125 0.625 0.02265625 0.021875
6 0.3734375 0.66328125 0.016015625 0.017578125
6 0.33046875 0.7640625 0.01875 0.027734375
0 0.4125 0.90703125 0.015234375 0.021875
13 0.49296875 0.68359375 0.032421875 0.028125
10 0.5640625 0.94765625 0.11875 0.1046875
10 0.5625 0.62578125 0.075 0.0515625
10 0.63125 0.64765625 0.074609375 0.070703125
10 0.653125 0.54609375 0.055859375 0.059375
10 0.7015625 0.5046875 0.046484375 0.046875
12 0.7828125 0.5109375 0.0203125 0.0328125
6 0.84296875 0.61015625 0.025 0.026953125
13 0.68984375 0.86328125 0.0125 0.0203125
10 0.890625 0.7421875 0.087890625 0.07265625
10 0.86171875 0.85859375 0.11015625 0.12890625
10 0.8609375 0.96171875 0.128125 0.076171875
16 0.77109375 0.196875 0.0390625 0.040625
10 0.63671875 0.13984375 0.075 0.03203125
10 0.421875 0.2140625 0.046875 0.027734375
13 0.55859375 0.47890625 0.023828125 0.015625
10 0.55703125 0.40234375 0.060546875 0.048828125