13 0.5640625 0.534375 0.01484375 0.04765625
0 0.5296875 0.59296875 0.01484375 0.021875
12 0.44140625 0.50859375 0.0296875 0.0421875
10 0.39609375 0.528125 0.0859375 0.0953125
0 0.36484375 0.41640625 0.0125 0.01875
12 0.3546875 0.621875 0.028125 0.03125
10 0.3171875 0.6125 0.087890625 0.105859375
6 0.265625 0.82265625 0.030859375 0.039453125
6 0.60703125 0.5015625 0.023046875 0.034375
10 0.7796875 0.54375 0.03359375 0.072265625
10 0.946875 0.38984375 0.10546875 0.12578125
10 0.93671875 0.5015625 0.1265625 0.10546875
13 0.98359375 0.5609375 0.0328125 0.05
10 0.96015625 0.5953125 0.076171875 0.096875
10 0.86484375 0.62109375 0.166796875 0.111328125
11 0.93828125 0.703125 0.088671875 0.06953125
10 0.84375 0.70859375 0.094140625 0.096875
6 0.90078125 0.7828125 0.085546875 0.097265625
16 0.828125 0.546875 0.143359375 0.084765625
10 0.940625 0.25859375 0.094140625 0.076171875