13 0.7671875 0.21875 0.041015625 0.04921875
11 0.728125 0.3140625 0.046875 0.049609375
13 0.6453125 0.3421875 0.025 0.028515625
10 0.56640625 0.53671875 0.05625 0.05625
6 0.528125 0.44296875 0.01484375 0.01484375
6 0.53359375 0.4515625 0.01015625 0.0125
0 0.47890625 0.5640625 0.00625 0.009765625
13 0.46484375 0.5765625 0.0203125 0.028515625
6 0.446875 0.5484375 0.0125 0.02265625
10 0.425 0.58359375 0.034375 0.04375
11 0.42578125 0.54453125 0.014453125 0.0359375
10 0.39140625 0.553125 0.073046875 0.059375
10 0.34609375 0.56171875 0.028125 0.040625
10 0.35390625 0.490625 0.0359375 0.04375
10 0.3296875 0.5203125 0.040625 0.040234375
6 0.28515625 0.5796875 0.015625 0.01796875
13 0.2609375 0.55234375 0.012109375 0.0203125
12 0.246875 0.5640625 0.021484375 0.021484375
12 0.20859375 0.50703125 0.0171875 0.019921875
10 0.190625 0.54140625 0.06171875 0.0515625
6 0.21953125 0.46015625 0.0125 0.013671875
10 0.13671875 0.5140625 0.0390625 0.050390625
6 0.1375 0.4703125 0.01796875 0.01796875
6 0.2953125 0.39453125 0.012890625 0.020703125
0 0.24140625 0.5265625 0.007421875 0.012109375
16 0.37578125 0.58671875 0.055078125 0.036328125
10 0.45078125 0.628125 0.0640625 0.044140625
10 0.45703125 0.67734375 0.054296875 0.051953125
10 0.45625 0.75 0.046875 0.03046875
6 0.41875 0.86640625 0.01328125 0.013671875
10 0.61484375 0.81015625 0.034375 0.02421875
10 0.6375 0.746875 0.03125 0.0375
10 0.665625 0.75234375 0.037890625 0.025
13 0.69453125 0.70625 0.0171875 0.015625
6 0.6828125 0.80234375 0.009375 0.011328125
12 0.6234375 0.7875 0.009375 0.012109375
10 0.64375 0.7890625 0.031640625 0.022265625
6 0.66015625 0.80625 0.00703125 0.00625
6 0.6609375 0.79453125 0.006640625 0.0078125
10 0.5453125 0.96015625 0.050390625 0.021875
6 0.3375 0.2609375 0.01640625 0.03046875
16 0.8515625 0.803125 0.052734375 0.012890625
6 0.965625 0.775 0.01328125 0.01171875
6 0.9234375 0.7796875 0.0125 0.0125
6 0.9328125 0.7875 0.01015625 0.009765625
0 0.7171875 0.4609375 0.009375 0.01015625