10 0.61484375 0.6046875 0.0875 0.10625
10 0.53359375 0.52421875 0.085546875 0.1
12 0.48984375 0.5 0.0328125 0.0453125
12 0.57421875 0.615625 0.028125 0.030859375
10 0.06328125 0.60859375 0.1265625 0.0953125
10 0.0546875 0.7046875 0.09765625 0.0890625
10 0.02265625 0.76953125 0.0453125 0.067578125
10 0.1265625 0.54140625 0.02734375 0.067578125
16 0.078125 0.5484375 0.14921875 0.08515625
10 0.02265625 0.48359375 0.0453125 0.0953125
13 0.3578125 0.53203125 0.01640625 0.048046875
15 0.2046875 0.54609375 0.03359375 0.05
15 0.31171875 0.50234375 0.0234375 0.042578125
0 0.39140625 0.5875 0.0140625 0.022265625
0 0.56953125 0.4078125 0.013671875 0.024609375
6 0.6625 0.8234375 0.028515625 0.046484375