13 0.2328125 0.78125 0.04140625 0.0484375
11 0.271875 0.6859375 0.046875 0.04921875
13 0.3546875 0.6578125 0.025 0.02890625
10 0.43359375 0.46328125 0.05625 0.05625
6 0.471875 0.55703125 0.01484375 0.01484375
6 0.46640625 0.5484375 0.01015625 0.0125
0 0.52109375 0.4359375 0.00625 0.01015625
13 0.53515625 0.4234375 0.0203125 0.02890625
6 0.553125 0.4515625 0.0125 0.0234375
10 0.575 0.41640625 0.034375 0.04375
11 0.57421875 0.45546875 0.01484375 0.0359375
10 0.60859375 0.446875 0.07265625 0.059375
10 0.65390625 0.43828125 0.028125 0.040625
10 0.64609375 0.509375 0.0359375 0.04375
10 0.6703125 0.4796875 0.040625 0.03984375
6 0.71484375 0.4203125 0.015625 0.01796875
13 0.7390625 0.44765625 0.01171875 0.0203125
12 0.753125 0.4359375 0.02109375 0.02109375
12 0.79140625 0.49296875 0.0171875 0.01953125
10 0.809375 0.45859375 0.0609375 0.0515625
6 0.78046875 0.53984375 0.0125 0.01328125
10 0.86328125 0.4859375 0.0390625 0.05078125
6 0.8625 0.5296875 0.01796875 0.01796875
6 0.7046875 0.60546875 0.01328125 0.02109375
0 0.75859375 0.4734375 0.00703125 0.01171875
16 0.62421875 0.41328125 0.05546875 0.03671875
10 0.54921875 0.371875 0.0640625 0.04453125
10 0.54296875 0.32265625 0.05390625 0.05234375
10 0.54375 0.25 0.046875 0.03046875
6 0.58125 0.13359375 0.0140625 0.01328125
10 0.38515625 0.18984375 0.034375 0.02421875
10 0.3625 0.253125 0.03125 0.0375
10 0.334375 0.24765625 0.03828125 0.025
13 0.30546875 0.29375 0.0171875 0.015625
6 0.3171875 0.19765625 0.009375 0.01171875
12 0.3765625 0.2125 0.009375 0.01171875
10 0.35625 0.2109375 0.03203125 0.02265625
6 0.33984375 0.19375 0.00703125 0.00625
6 0.3390625 0.20546875 0.00703125 0.0078125
10 0.4546875 0.03984375 0.05078125 0.021875
6 0.6625 0.7390625 0.01640625 0.03046875
16 0.1484375 0.196875 0.05234375 0.01328125
6 0.034375 0.225 0.0140625 0.0109375
6 0.0765625 0.2203125 0.0125 0.0125
6 0.0671875 0.2125 0.0109375 0.01015625
0 0.2828125 0.5390625 0.009375 0.0109375