6 0.17890625 0.103125 0.02421875 0.0234375
10 0.22109375 0.21796875 0.08515625 0.0671875
10 0.20625 0.34765625 0.10546875 0.11953125
10 0.21484375 0.4578125 0.12578125 0.0953125
6 0.16015625 0.5171875 0.065625 0.04765625
10 0.18515625 0.5421875 0.08984375 0.09140625
10 0.36171875 0.51875 0.02890625 0.06875
6 0.42578125 0.534375 0.03359375 0.04765625
10 0.278125 0.5796875 0.1703125 0.0890625
10 0.24765625 0.72734375 0.08125 0.0921875
11 0.20859375 0.65546875 0.078125 0.05390625
10 0.30390625 0.66484375 0.090625 0.09140625
16 0.315625 0.51328125 0.140625 0.06875
13 0.575 0.5328125 0.01796875 0.046875
0 0.61328125 0.5953125 0.015625 0.01796875
12 0.6984375 0.5265625 0.0359375 0.0484375
10 0.74609375 0.54765625 0.09140625 0.09609375
12 0.7875 0.64453125 0.03046875 0.03359375
0 0.784375 0.4390625 0.01484375 0.0234375
10 0.82890625 0.63203125 0.0921875 0.10859375
6 0.87265625 0.84453125 0.0359375 0.04140625
6 0.53359375 0.4953125 0.02578125 0.03515625
6 0.3046875 0.94609375 0.03515625 0.0421875
0 0.10859375 0.5609375 0.015625 0.02578125
6 0.1140625 0.6203125 0.05234375 0.05078125
10 0.29375 0.18203125 0.07109375 0.0953125