10 0.86875 0.74609375 0.087890625 0.070703125
10 0.88359375 0.61015625 0.1125 0.1203125
10 0.87265625 0.503125 0.1234375 0.09921875
13 0.93671875 0.43828125 0.064453125 0.057421875
10 0.90703125 0.4109375 0.098046875 0.091015625
0 0.99296875 0.38125 0.0140625 0.0296875
6 0.98203125 0.33046875 0.035546875 0.057421875
11 0.87890625 0.30234375 0.089453125 0.066796875
10 0.8375 0.21953125 0.084375 0.0984375
10 0.77890625 0.3015625 0.088671875 0.109375
10 0.790625 0.38828125 0.152734375 0.110546875
10 0.71015625 0.45859375 0.029296875 0.078125
16 0.7546875 0.4578125 0.14765625 0.07890625
6 0.63671875 0.44921875 0.036328125 0.048828125
6 0.91171875 0.859375 0.029296875 0.021875
12 0.9296875 0.975 0.02109375 0.03046875
6 0.7078125 0.97734375 0.037890625 0.0390625
10 0.79140625 0.7921875 0.069921875 0.096484375
13 0.484375 0.46953125 0.01875 0.0484375
0 0.28046875 0.5828125 0.0140625 0.01875
12 0.36015625 0.4890625 0.03125 0.04609375
10 0.3140625 0.46953125 0.090234375 0.098828125
12 0.2703125 0.37890625 0.03125 0.033203125
10 0.2328125 0.3890625 0.09140625 0.1078125
6 0.18125 0.18046875 0.034765625 0.04375
0 0.446875 0.4125 0.015625 0.0125
6 0.5265625 0.50078125 0.025 0.0375