13 0.0890625 0.89140625 0.065625 0.0390625
13 0.290625 0.70859375 0.04140625 0.0375
10 0.4203125 0.51328125 0.12421875 0.0921875
0 0.59375 0.5859375 0.01484375 0.02265625
13 0.64140625 0.55546875 0.05625 0.03671875
10 0.66640625 0.5921875 0.0890625 0.07421875
10 0.6953125 0.509375 0.11796875 0.0859375
10 0.69765625 0.40546875 0.1046875 0.11796875
16 0.80078125 0.6015625 0.14140625 0.07734375
10 0.84296875 0.62734375 0.03203125 0.0703125
10 0.76015625 0.6578125 0.15859375 0.11015625
11 0.678125 0.70703125 0.0625 0.03984375
10 0.7859375 0.74921875 0.08671875 0.09921875
10 0.72421875 0.7859375 0.0765625 0.0890625
10 0.7265625 0.28671875 0.08046875 0.0625
6 0.89375 0.09453125 0.0359375 0.03828125
6 0.6875 0.1625 0.02421875 0.02109375
12 0.64375 0.059375 0.01796875 0.02578125
10 0.56015625 0.0625 0.04609375 0.05234375
10 0.5125 0.10234375 0.04921875 0.0546875
0 0.2765625 0.4984375 0.0140625 0.01484375
13 0.36015625 0.2671875 0.03125 0.03046875
0 0.45234375 0.4203125 0.015625 0.0234375
10 0.4921875 0.2171875 0.07265625 0.08359375
10 0.4265625 0.1953125 0.078125 0.0578125
6 0.42109375 0.04140625 0.02421875 0.02109375
0 0.5375 0.42265625 0.0140625 0.01875
6 0.5984375 0.63515625 0.0484375 0.04140625