11 0.30546875 0.6453125 0.07421875 0.0453125
10 0.3484375 0.71484375 0.075390625 0.0859375
10 0.39765625 0.6578125 0.0859375 0.09140625
10 0.3796875 0.57265625 0.16015625 0.085546875
13 0.2578125 0.509375 0.05625 0.04375
6 0.215625 0.6015625 0.04375 0.04375
0 0.209375 0.5484375 0.015625 0.025
10 0.30859375 0.4515625 0.1234375 0.091015625
10 0.29765625 0.34609375 0.103125 0.119921875
10 0.315625 0.221875 0.083984375 0.0625
6 0.271875 0.1078125 0.02578125 0.02109375
10 0.07578125 0.203125 0.0875 0.09765625
10 0.02265625 0.19765625 0.0453125 0.0625
10 0.03203125 0.51328125 0.0640625 0.0921875
10 0.09296875 0.07890625 0.059375 0.063671875
10 0.14296875 0.03515625 0.0578125 0.058203125
0 0.04453125 0.4125 0.015625 0.022265625
13 0.13671875 0.4 0.016796875 0.022265625
6 0.15546875 0.52734375 0.021875 0.0265625
6 0.4140625 0.9296875 0.03359375 0.03671875
6 0.5171875 0.53984375 0.03359375 0.0453125
6 0.6234375 0.50703125 0.027734375 0.038671875
13 0.66484375 0.54765625 0.016796875 0.051953125
0 0.70546875 0.60859375 0.01484375 0.02265625
12 0.78671875 0.5453125 0.040625 0.046484375
10 0.83515625 0.56640625 0.09375 0.095703125
0 0.87109375 0.4625 0.015625 0.02421875
6 0.9671875 0.8625 0.0359375 0.0421875
12 0.87578125 0.6640625 0.036328125 0.034765625
10 0.915625 0.65625 0.093359375 0.109765625
6 0.5078125 0.146875 0.01015625 0.01875
10 0.28515625 0.53515625 0.0890625 0.090625
10 0.453125 0.52109375 0.034375 0.071875
16 0.40703125 0.51171875 0.1421875 0.06484375
6 0.278125 0.971875 0.028125 0.05