11 0.30546875 0.3546875 0.073828125 0.04609375
10 0.3484375 0.28515625 0.075390625 0.0859375
10 0.39765625 0.3421875 0.0859375 0.091015625
10 0.3796875 0.42734375 0.16015625 0.085546875
13 0.2578125 0.490625 0.05625 0.04375
6 0.215625 0.3984375 0.04375 0.04375
0 0.209375 0.4515625 0.015625 0.025
10 0.30859375 0.5484375 0.1234375 0.091015625
10 0.29765625 0.65390625 0.103125 0.119921875
10 0.315625 0.778125 0.08359375 0.0625
6 0.271875 0.8921875 0.02578125 0.02109375
10 0.07578125 0.796875 0.0875 0.097265625
10 0.02265625 0.80234375 0.0453125 0.0625
10 0.03203125 0.48671875 0.0640625 0.0921875
10 0.09296875 0.92109375 0.059375 0.063671875
10 0.14296875 0.96484375 0.0578125 0.05859375
0 0.04453125 0.5875 0.015625 0.02265625
13 0.13671875 0.6 0.01640625 0.02265625
6 0.15546875 0.47265625 0.021875 0.0265625
6 0.4140625 0.0703125 0.033984375 0.037109375
6 0.5171875 0.46015625 0.03359375 0.0453125
6 0.6234375 0.49296875 0.027734375 0.038671875
13 0.66484375 0.45234375 0.016796875 0.051953125
0 0.70546875 0.39140625 0.01484375 0.02265625
12 0.78671875 0.4546875 0.040625 0.046484375
10 0.83515625 0.43359375 0.09375 0.095703125
0 0.87109375 0.5375 0.015625 0.024609375
6 0.9671875 0.1375 0.03515625 0.04296875
12 0.87578125 0.3359375 0.036328125 0.034765625
10 0.915625 0.34375 0.09296875 0.11015625
6 0.5078125 0.853125 0.009765625 0.01875
10 0.28515625 0.46484375 0.0890625 0.090625
10 0.453125 0.47890625 0.034375 0.071875
16 0.40703125 0.48828125 0.1421875 0.064453125
6 0.278125 0.028125 0.028125 0.05