0 0.5640625 0.4421875 0.015234375 0.01875
10 0.48203125 0.446875 0.088671875 0.075390625
10 0.45546875 0.53125 0.11875 0.10078125
10 0.45859375 0.63515625 0.10703125 0.128125
10 0.30703125 0.43828125 0.028125 0.071875
16 0.34921875 0.45703125 0.13984375 0.0515625
10 0.4234375 0.2625 0.075 0.08125
10 0.3625 0.30625 0.08203125 0.09296875
10 0.3890625 0.40234375 0.16640625 0.10703125
11 0.46953125 0.334375 0.06640625 0.03828125
6 0.35546875 0.0328125 0.03125 0.037890625
13 0.08046875 0.38515625 0.016796875 0.048828125
0 0.03515625 0.3140625 0.015625 0.028125
10 0.43125 0.7625 0.087109375 0.05703125
6 0.28125 0.9703125 0.03203125 0.034375
10 0.68359375 0.80859375 0.0828125 0.090625
10 0.75859375 0.8203125 0.073828125 0.06015625
10 0.77109375 0.49765625 0.1265625 0.092578125
10 0.6609375 0.93203125 0.053125 0.055078125
10 0.6203125 0.98203125 0.02890625 0.033203125
12 0.521875 0.984375 0.01640625 0.0265625
6 0.47734375 0.88359375 0.01875 0.017578125
13 0.765625 0.98359375 0.025390625 0.0203125
13 0.83828125 0.74296875 0.0296875 0.028125
13 0.91796875 0.27421875 0.041796875 0.041796875