10 0.49140625 0.33359375 0.086328125 0.089453125
10 0.434375 0.2828125 0.07421875 0.087890625
11 0.396875 0.35234375 0.07734375 0.04296875
13 0.340625 0.48984375 0.05625 0.041796875
10 0.36875 0.4609375 0.08671875 0.07890625
10 0.4640625 0.41796875 0.15859375 0.0875
10 0.540625 0.4640625 0.02421875 0.0703125
16 0.49765625 0.47578125 0.135546875 0.05
13 0.7609375 0.42421875 0.018359375 0.0515625
12 0.8859375 0.41953125 0.03359375 0.05
10 0.9359375 0.39921875 0.093359375 0.0953125
12 0.9796875 0.29921875 0.03359375 0.0359375
10 0.40078125 0.76796875 0.078125 0.0640625
10 0.3828125 0.64296875 0.10234375 0.1125
10 0.38984375 0.54296875 0.1265625 0.092578125
10 0.09375 0.50078125 0.11171875 0.094921875
10 0.159375 0.8 0.084765625 0.096875
10 0.090625 0.8046875 0.07109375 0.05234375
13 0.07109375 0.97109375 0.0265625 0.02109375
10 0.17421875 0.92578125 0.0484375 0.04375
10 0.225 0.9625 0.04921875 0.0484375
6 0.35625 0.88203125 0.022265625 0.0171875
0 0.29453125 0.44921875 0.013671875 0.0203125
6 0.5046875 0.0640625 0.028515625 0.049609375
6 0.30078125 0.4015625 0.0421875 0.044140625
13 0.01796875 0.72578125 0.032421875 0.0359375
0 0.1296875 0.59375 0.015625 0.019140625
12 0.31953125 0.98203125 0.015625 0.028125