16 0.928125 0.21484375 0.05703125 0.0421875
11 0.87578125 0.23515625 0.0375 0.04140625
11 0.77421875 0.16953125 0.03671875 0.0296875
1 0.7546875 0.228125 0.0265625 0.0234375
11 0.65625 0.1921875 0.05078125 0.03515625
11 0.62265625 0.1875 0.0203125 0.0390625
11 0.73984375 0.19609375 0.01328125 0.02421875
12 0.7484375 0.1953125 0.01015625 0.02265625
6 0.3796875 0.21484375 0.053125 0.0359375
11 0.4453125 0.1703125 0.015625 0.02734375
11 0.41328125 0.15390625 0.01328125 0.02734375
13 0.4546875 0.6484375 0.04296875 0.028125
13 0.396875 0.93125 0.0453125 0.034375