16 0.9453125 0.65078125 0.05546875 0.08984375
6 0.89453125 0.64921875 0.057421875 0.076953125
10 0.71328125 0.471875 0.076953125 0.0875
11 0.61875 0.3296875 0.074609375 0.06015625
11 0.52734375 0.3640625 0.040625 0.06640625
11 0.43046875 0.08203125 0.038671875 0.0796875
11 0.4015625 0.06796875 0.02109375 0.03984375
11 0.3890625 0.11640625 0.01484375 0.048046875
13 0.33125 0.0796875 0.01953125 0.034375
6 0.36015625 0.02109375 0.01171875 0.0171875
11 0.2890625 0.07421875 0.041015625 0.030078125
12 0.28671875 0.01953125 0.014453125 0.0203125
6 0.2140625 0.1453125 0.01640625 0.01640625
6 0.20625 0.06484375 0.018359375 0.010546875
11 0.1890625 0.03046875 0.046484375 0.059375
11 0.1390625 0.0484375 0.040625 0.03203125
3 0.10859375 0.05078125 0.0296875 0.034375
10 0.109375 0.07734375 0.04921875 0.0390625
10 0.07734375 0.0390625 0.042578125 0.052734375
13 0.0109375 0.05703125 0.021875 0.0265625
6 0.0171875 0.10546875 0.034375 0.01875
6 0.62890625 0.8390625 0.034375 0.046484375
12 0.471875 0.20078125 0.0125 0.0171875