16 0.1265625 0.59921875 0.059375 0.078125
6 0.1671875 0.60625 0.0546875 0.07421875
16 0.10625 0.7265625 0.02421875 0.059375
10 0.346875 0.459375 0.07578125 0.08125
10 0.3984375 0.8171875 0.03515625 0.05390625
11 0.4484375 0.32421875 0.07265625 0.06171875
11 0.5390625 0.36171875 0.0296875 0.0703125
6 0.59609375 0.20390625 0.0125 0.01484375
11 0.67734375 0.128125 0.015625 0.04609375
11 0.64375 0.0953125 0.0453125 0.08359375
11 0.675 0.08046875 0.021875 0.03984375
6 0.63515625 0.06015625 0.01171875 0.01171875
13 0.75 0.09921875 0.02265625 0.03125
6 0.784375 0.0359375 0.01484375 0.01328125
12 0.79921875 0.040625 0.0171875 0.02109375
11 0.79453125 0.09140625 0.04765625 0.03203125
11 0.9203125 0.04453125 0.0546875 0.06796875
6 0.8859375 0.0875 0.01796875 0.01171875
6 0.9515625 0.0609375 0.028125 0.03046875
11 0.96875 0.078125 0.04609375 0.0265625
10 0.98125 0.10703125 0.0375 0.0453125
3 0.99296875 0.08203125 0.0140625 0.0296875
6 0.875 0.17734375 0.01796875 0.0171875