11 0.37734375 0.66796875 0.0265625 0.039453125
1 0.21640625 0.66796875 0.026953125 0.0234375
11 0.246875 0.73125 0.03828125 0.031640625
13 0.18828125 0.7140625 0.019921875 0.019140625
11 0.19921875 0.7046875 0.0125 0.02109375
12 0.20859375 0.7046875 0.0109375 0.019140625
11 0.11875 0.71015625 0.04921875 0.032421875
11 0.08046875 0.709375 0.03125 0.03125
11 0.05 0.70390625 0.03046875 0.05
11 0.159375 0.7609375 0.01328125 0.0265625
10 0.7 0.5890625 0.066015625 0.0625
10 0.625 0.52578125 0.03984375 0.03203125