6 0.5984375 0.16953125 0.034375 0.0453125
16 0.88984375 0.384375 0.0515625 0.08203125
6 0.8453125 0.38046875 0.05390625 0.076953125
10 0.665625 0.53671875 0.075390625 0.0859375
11 0.56875 0.66953125 0.075390625 0.057421875
11 0.484375 0.6359375 0.040625 0.06875
12 0.41953125 0.79296875 0.0125 0.015625
11 0.37421875 0.91015625 0.041796875 0.0765625
11 0.3453125 0.92578125 0.02109375 0.0375
11 0.33671875 0.8734375 0.013671875 0.049609375
6 0.30078125 0.96640625 0.0125 0.020703125
13 0.271875 0.9078125 0.0203125 0.03125
6 0.23984375 0.9703125 0.0140625 0.012109375
12 0.22421875 0.965625 0.016796875 0.019140625
11 0.22734375 0.91171875 0.0421875 0.026953125
6 0.14921875 0.83125 0.015625 0.01640625
6 0.140625 0.9171875 0.0203125 0.01015625
11 0.115625 0.95625 0.05 0.06328125
11 0.06484375 0.92890625 0.042578125 0.03125
10 0.03984375 0.89921875 0.054296875 0.046875
3 0.0328125 0.92421875 0.03203125 0.03359375
10 0.0140625 0.93671875 0.027734375 0.05