16 0.85546875 0.41953125 0.051171875 0.082421875
6 0.81328125 0.409375 0.054296875 0.075390625
10 0.63828125 0.553125 0.076171875 0.08671875
11 0.53984375 0.68203125 0.078125 0.06015625
11 0.45234375 0.64296875 0.038671875 0.0703125
6 0.3890625 0.7953125 0.015234375 0.01875
11 0.3375 0.91484375 0.0375 0.067578125
11 0.309375 0.92265625 0.021875 0.040625
11 0.30390625 0.87265625 0.014453125 0.05
13 0.2359375 0.90234375 0.02265625 0.033203125
11 0.18828125 0.9046875 0.046875 0.034765625
12 0.18515625 0.9609375 0.01875 0.022265625
6 0.2 0.965625 0.015234375 0.012890625
6 0.109375 0.82109375 0.01796875 0.0171875
11 0.06875 0.95 0.053515625 0.065625
11 0.0203125 0.91953125 0.040234375 0.028125
10 0.0109375 0.88828125 0.021484375 0.042578125
6 0.0984375 0.90859375 0.019140625 0.010546875
6 0.2640625 0.96171875 0.012109375 0.01875
6 0.58125 0.190625 0.0390625 0.0515625