6 0.5984375 0.83046875 0.034375 0.0453125
16 0.88984375 0.615625 0.0515625 0.08203125
6 0.8453125 0.61953125 0.0546875 0.07734375
10 0.665625 0.46328125 0.075390625 0.0859375
11 0.56875 0.33046875 0.075390625 0.057421875
11 0.484375 0.3640625 0.040625 0.06875
12 0.41953125 0.20703125 0.0125 0.015625
11 0.37421875 0.08984375 0.04140625 0.0765625
11 0.3453125 0.07421875 0.02109375 0.0375
11 0.33671875 0.1265625 0.01328125 0.04921875
6 0.30078125 0.03359375 0.0125 0.020703125
13 0.271875 0.0921875 0.0203125 0.03125
6 0.23984375 0.0296875 0.0140625 0.012109375
12 0.22421875 0.034375 0.016796875 0.019140625
11 0.22734375 0.08828125 0.0421875 0.026953125
6 0.14921875 0.16875 0.015625 0.01640625
6 0.140625 0.0828125 0.01953125 0.009765625
11 0.115625 0.04375 0.05 0.06328125
11 0.06484375 0.07109375 0.042578125 0.03125
10 0.03984375 0.10078125 0.054296875 0.046875
3 0.0328125 0.07578125 0.031640625 0.033203125
10 0.0140625 0.06328125 0.027734375 0.05