16 0.071875 0.78515625 0.056640625 0.0421875
11 0.12421875 0.76484375 0.0375 0.041796875
11 0.22578125 0.83046875 0.036328125 0.0296875
1 0.2453125 0.771875 0.0265625 0.0234375
11 0.34375 0.8078125 0.05078125 0.03515625
11 0.37734375 0.8125 0.0203125 0.03828125
11 0.26015625 0.80390625 0.01328125 0.02421875
12 0.2515625 0.8046875 0.01015625 0.02265625
6 0.6203125 0.78515625 0.053125 0.0359375
11 0.5546875 0.8296875 0.015625 0.027734375
11 0.58671875 0.84609375 0.01328125 0.02734375
13 0.5453125 0.3515625 0.04296875 0.028125
13 0.603125 0.06875 0.04453125 0.034375