13 0.76171875 0.0484375 0.0453125 0.03984375
13 0.7375 0.38203125 0.04375 0.034375
6 0.87578125 0.8171875 0.058203125 0.03359375
11 0.84609375 0.8828125 0.01484375 0.028125
11 0.80703125 0.8625 0.0171875 0.0375
11 0.6328125 0.8453125 0.031640625 0.05859375
11 0.59921875 0.86171875 0.025 0.0390625
11 0.5625 0.86484375 0.05 0.034375
13 0.525 0.8546875 0.01875 0.015625
11 0.50078125 0.8546875 0.0109375 0.025
12 0.49140625 0.85546875 0.01015625 0.02109375
6 0.52109375 0.77421875 0.023046875 0.01875
1 0.49375 0.8265625 0.028125 0.021875
11 0.47578125 0.88046875 0.023046875 0.033203125
6 0.4765625 0.909375 0.009765625 0.015234375
6 0.50703125 0.89921875 0.01015625 0.01328125
11 0.38984375 0.83828125 0.019921875 0.042578125
16 0.32734375 0.85234375 0.055078125 0.036328125
6 0.14453125 0.78671875 0.0140625 0.015625
13 0.034375 0.6984375 0.037109375 0.028125
6 0.90078125 0.184375 0.0328125 0.0203125