6 0.0359375 0.2625 0.062890625 0.093359375
10 0.22109375 0.47265625 0.085546875 0.0953125
11 0.32734375 0.59140625 0.071875 0.09375
11 0.42734375 0.584375 0.026171875 0.075
6 0.46015625 0.753125 0.013671875 0.01875
11 0.49375 0.8703125 0.0328125 0.0890625
11 0.52265625 0.88984375 0.0234375 0.046875
11 0.5421875 0.84375 0.015625 0.040234375
13 0.5890625 0.88515625 0.021484375 0.033203125
6 0.6140625 0.95 0.0125 0.0125
12 0.6296875 0.94765625 0.01484375 0.0203125
11 0.628125 0.89296875 0.040234375 0.0265625
11 0.715625 0.9390625 0.043359375 0.05859375
6 0.7 0.83125 0.015625 0.01796875
11 0.76015625 0.93359375 0.0328125 0.033203125
3 0.7859375 0.92734375 0.02734375 0.03203125
10 0.79453125 0.9015625 0.046875 0.03984375
10 0.825 0.9390625 0.037890625 0.050390625
6 0.8796875 0.87890625 0.034375 0.0203125
13 0.88828125 0.921875 0.0234375 0.025
12 0.9265625 0.98359375 0.022265625 0.021875
6 0.34140625 0.09375 0.036328125 0.050390625
13 0.5703125 0.9171875 0.021875 0.01953125