6 0.9640625 0.28828125 0.06484375 0.088671875
10 0.775 0.4953125 0.081640625 0.094140625
6 0.66484375 0.11796875 0.0359375 0.05078125
11 0.6796875 0.6359375 0.075 0.06875
11 0.5671875 0.6125 0.02109375 0.075
6 0.534375 0.77578125 0.0140625 0.0171875
11 0.49765625 0.8921875 0.0328125 0.08359375
11 0.46953125 0.91015625 0.021875 0.03828125
11 0.45390625 0.865625 0.0140625 0.041015625
6 0.43203125 0.9609375 0.0109375 0.01875
13 0.40234375 0.90546875 0.01953125 0.03125
6 0.37734375 0.96953125 0.0125 0.0125
12 0.36171875 0.965625 0.01484375 0.01953125
11 0.3625 0.91328125 0.040234375 0.026953125
6 0.290625 0.84921875 0.01796875 0.016796875
11 0.2734375 0.959375 0.04296875 0.05703125
6 0.2859375 0.925 0.016015625 0.009375
11 0.22734375 0.95 0.035546875 0.033984375
10 0.1953125 0.9171875 0.049609375 0.040234375
3 0.2 0.94453125 0.027734375 0.032421875
10 0.165625 0.95625 0.037890625 0.049609375
6 0.10625 0.89765625 0.03515625 0.01796875
13 0.09921875 0.9390625 0.023828125 0.025