10 0.82421875 0.4046875 0.0875 0.09765625
11 0.715625 0.5765625 0.078125 0.075
11 0.6078125 0.55859375 0.030859375 0.070703125
6 0.575 0.72265625 0.01328125 0.015625
6 0.32109375 0.78359375 0.015625 0.01875
11 0.2828125 0.91796875 0.050390625 0.065625
13 0.43984375 0.840625 0.02265625 0.0375
11 0.5078125 0.8078125 0.01796875 0.0390625
11 0.53125 0.85 0.030859375 0.058984375
11 0.50703125 0.85234375 0.019921875 0.038671875
11 0.396875 0.853125 0.040234375 0.03828125
12 0.39765625 0.9015625 0.017578125 0.01875
6 0.4109375 0.90390625 0.012890625 0.013671875
10 0.2375 0.859375 0.037890625 0.040625
11 0.24375 0.8875 0.0375 0.0234375
10 0.2078125 0.909375 0.03828125 0.0421875
3 0.21015625 0.88515625 0.026953125 0.0296875
13 0.1453125 0.890625 0.025 0.02421875
6 0.08515625 0.94609375 0.0421875 0.02890625
12 0.5234375 0.93984375 0.0140625 0.0171875
6 0.76015625 0.04375 0.0390625 0.05546875