16 0.1265625 0.40078125 0.059375 0.078125
6 0.1671875 0.39375 0.05390625 0.074609375
16 0.10625 0.2734375 0.024609375 0.059375
10 0.346875 0.540625 0.075390625 0.08125
10 0.3984375 0.1828125 0.034765625 0.053515625
11 0.4484375 0.67578125 0.072265625 0.061328125
11 0.5390625 0.63828125 0.02890625 0.0703125
6 0.59609375 0.79609375 0.0125 0.014453125
11 0.67734375 0.871875 0.015625 0.046484375
11 0.64375 0.9046875 0.04453125 0.083984375
11 0.675 0.91953125 0.021875 0.039453125
6 0.63515625 0.93984375 0.011328125 0.011328125
13 0.75 0.90078125 0.022265625 0.03125
6 0.784375 0.9640625 0.015234375 0.012890625
12 0.79921875 0.959375 0.0171875 0.021484375
11 0.79453125 0.90859375 0.04765625 0.03203125
11 0.9203125 0.95546875 0.05390625 0.067578125
6 0.8859375 0.9125 0.01796875 0.01171875
6 0.9515625 0.9390625 0.028125 0.030859375
11 0.96875 0.921875 0.046484375 0.02578125
10 0.98125 0.89296875 0.0375 0.0453125
3 0.99296875 0.91796875 0.0140625 0.0296875
6 0.875 0.82265625 0.01796875 0.0171875