11 0.37734375 0.33203125 0.0265625 0.03984375
1 0.21640625 0.33203125 0.026953125 0.0234375
11 0.246875 0.26875 0.0390625 0.03203125
13 0.18828125 0.2859375 0.019921875 0.019140625
11 0.19921875 0.2953125 0.0125 0.02109375
12 0.20859375 0.2953125 0.0109375 0.019140625
11 0.11875 0.28984375 0.04921875 0.032421875
11 0.08046875 0.290625 0.03125 0.03125
11 0.05 0.29609375 0.03046875 0.05
11 0.159375 0.2390625 0.012890625 0.02734375
10 0.7 0.4109375 0.06640625 0.0625
10 0.625 0.47421875 0.040234375 0.032421875