13 0.50625 0.6171875 0.040625 0.0265625
13 0.4515625 0.91015625 0.04140625 0.038671875
6 0.4328125 0.184375 0.04609375 0.037890625
11 0.46015625 0.12421875 0.013671875 0.026171875
11 0.49140625 0.1421875 0.014453125 0.028515625
11 0.67421875 0.1578125 0.019921875 0.040234375
11 0.70546875 0.16171875 0.0515625 0.035546875
11 0.790625 0.16484375 0.012109375 0.023046875
12 0.79921875 0.16484375 0.009375 0.020703125
1 0.8046875 0.1984375 0.025 0.021484375
11 0.825 0.13671875 0.03125 0.0296875
6 0.78828125 0.12578125 0.01171875 0.0140625
6 0.8203125 0.1203125 0.009765625 0.012109375
11 0.92421875 0.20078125 0.0328125 0.041796875
16 0.975 0.18515625 0.05 0.044921875
13 0.775 0.15703125 0.018359375 0.016796875