16 0.096875 0.63515625 0.059375 0.0765625
6 0.1375 0.63984375 0.055859375 0.078125
10 0.321875 0.48203125 0.075 0.08828125
11 0.42265625 0.34375 0.073046875 0.065234375
11 0.51640625 0.37734375 0.026171875 0.073046875
12 0.56875 0.21875 0.01328125 0.015234375
11 0.61484375 0.103125 0.040625 0.072265625
11 0.64375 0.09609375 0.01953125 0.04375
11 0.64609375 0.14140625 0.015625 0.0453125
6 0.6859375 0.053125 0.012109375 0.016015625
13 0.71640625 0.1125 0.0203125 0.030859375
6 0.74921875 0.05 0.0140625 0.012109375
12 0.7640625 0.0546875 0.018359375 0.01875
11 0.76171875 0.10625 0.0421875 0.03203125
6 0.84140625 0.18984375 0.0171875 0.016796875
6 0.85 0.10078125 0.018359375 0.010546875
11 0.884375 0.05703125 0.052734375 0.067578125
11 0.93046875 0.090625 0.04375 0.025
10 0.95 0.12265625 0.05078125 0.044921875
3 0.9640625 0.096875 0.03125 0.03125
10 0.9796875 0.0796875 0.040625 0.053125
6 0.37265625 0.8375 0.034375 0.044140625