6 0.0359375 0.71171875 0.0640625 0.08828125
10 0.225 0.5046875 0.08203125 0.09453125
6 0.33515625 0.88203125 0.0359375 0.05078125
11 0.3203125 0.3640625 0.075 0.06875
11 0.4328125 0.3875 0.0203125 0.075
6 0.465625 0.22421875 0.0140625 0.0171875
11 0.50234375 0.1078125 0.0328125 0.0828125
11 0.53046875 0.08984375 0.021875 0.03828125
11 0.54609375 0.134375 0.0140625 0.04140625
6 0.56796875 0.0390625 0.0109375 0.01875
13 0.59765625 0.09453125 0.01953125 0.03125
6 0.62265625 0.03046875 0.0125 0.0125
12 0.63828125 0.034375 0.01484375 0.01953125
11 0.6375 0.08671875 0.03984375 0.02734375
6 0.709375 0.15078125 0.0171875 0.01640625
11 0.7265625 0.040625 0.04296875 0.05703125
6 0.7140625 0.075 0.01640625 0.009375
11 0.77265625 0.05 0.03515625 0.03359375
10 0.8046875 0.0828125 0.04921875 0.03984375
3 0.8 0.05546875 0.02734375 0.03203125
10 0.834375 0.04375 0.03828125 0.04921875
6 0.89375 0.10234375 0.03515625 0.01796875
13 0.90078125 0.0609375 0.02421875 0.025