10 0.17578125 0.5953125 0.0875 0.0984375
11 0.284375 0.4234375 0.078125 0.075
11 0.3921875 0.44140625 0.03046875 0.07109375
6 0.425 0.27734375 0.0140625 0.015625
6 0.67890625 0.21640625 0.015625 0.01875
11 0.7171875 0.08203125 0.05078125 0.065625
13 0.56015625 0.159375 0.02265625 0.0375
11 0.4921875 0.1921875 0.01796875 0.0390625
11 0.46875 0.15 0.03046875 0.05859375
11 0.49296875 0.14765625 0.01953125 0.03828125
11 0.603125 0.146875 0.03984375 0.0390625
12 0.60234375 0.0984375 0.01796875 0.01875
6 0.5890625 0.09609375 0.01328125 0.01328125
10 0.7625 0.140625 0.03828125 0.040625
11 0.75625 0.1125 0.0375 0.0234375
10 0.7921875 0.090625 0.03828125 0.0421875
3 0.78984375 0.11484375 0.02734375 0.0296875
13 0.8546875 0.109375 0.025 0.0234375
6 0.91484375 0.05390625 0.0421875 0.02890625
12 0.4765625 0.06015625 0.0140625 0.0171875
6 0.23984375 0.95625 0.0390625 0.0546875