6 0.19765625 0.5765625 0.0546875 0.0734375
16 0.1578125 0.56875 0.053125 0.07734375
10 0.37578125 0.43984375 0.0734375 0.084375
11 0.47578125 0.3078125 0.0734375 0.0609375
11 0.56484375 0.34921875 0.03359375 0.07109375
12 0.62578125 0.18828125 0.0125 0.0171875
11 0.678125 0.07265625 0.0375 0.07578125
11 0.7046875 0.06484375 0.021875 0.04609375
11 0.71015625 0.1125 0.015625 0.04453125
13 0.78203125 0.0859375 0.02421875 0.03359375
6 0.81796875 0.0234375 0.01484375 0.0125
12 0.83359375 0.02890625 0.01953125 0.02109375
11 0.8296875 0.08203125 0.0453125 0.03359375
11 0.95703125 0.03828125 0.05703125 0.06875
6 0.9109375 0.16953125 0.01796875 0.02109375
6 0.4265625 0.79453125 0.034375 0.04921875