6 0.80234375 0.4234375 0.0546875 0.07265625
16 0.8421875 0.43125 0.053125 0.077734375
10 0.62421875 0.56015625 0.0734375 0.084375
11 0.52421875 0.6921875 0.0734375 0.0609375
11 0.43515625 0.65078125 0.033203125 0.070703125
12 0.37421875 0.81171875 0.0125 0.0171875
11 0.321875 0.92734375 0.0375 0.076171875
11 0.2953125 0.93515625 0.021875 0.04609375
11 0.28984375 0.8875 0.015625 0.04453125
13 0.21796875 0.9140625 0.023828125 0.033984375
6 0.18203125 0.9765625 0.014453125 0.0125
12 0.16640625 0.97109375 0.019921875 0.020703125
11 0.1703125 0.91796875 0.0453125 0.03359375
11 0.04296875 0.96171875 0.05703125 0.06875
6 0.0890625 0.83046875 0.01796875 0.02109375
6 0.5734375 0.20546875 0.034375 0.048828125