6 0.0234375 0.7328125 0.046875 0.096875
6 0.3203125 0.89765625 0.04140625 0.060546875
10 0.2046875 0.521875 0.087109375 0.09921875
11 0.30703125 0.3921875 0.075 0.081640625
11 0.4171875 0.4078125 0.028125 0.080859375
6 0.4484375 0.23828125 0.01484375 0.028125
11 0.48515625 0.115625 0.0296875 0.0875
11 0.5125 0.10078125 0.02421875 0.0453125
11 0.5296875 0.14140625 0.018359375 0.0359375
13 0.57890625 0.10546875 0.0203125 0.03203125
11 0.61875 0.0984375 0.0390625 0.0296875
12 0.61953125 0.0453125 0.0140625 0.021484375
6 0.60390625 0.04375 0.013671875 0.012890625
11 0.70546875 0.05234375 0.042578125 0.0578125
6 0.69453125 0.084375 0.0171875 0.01171875
6 0.6890625 0.1625 0.016015625 0.022265625
11 0.74921875 0.05859375 0.034375 0.034375
3 0.7765625 0.0640625 0.027734375 0.034375
10 0.78359375 0.0921875 0.0484375 0.040625
10 0.81328125 0.053125 0.03828125 0.05078125
6 0.86875 0.1140625 0.034765625 0.02109375
13 0.87578125 0.0703125 0.025 0.025390625
12 0.91328125 0.01015625 0.0203125 0.019921875