6 0.390625 0.8359375 0.03359375 0.046875
16 0.08828125 0.63203125 0.05078125 0.08515625
6 0.13515625 0.634375 0.0546875 0.0765625
10 0.3140625 0.46875 0.07578125 0.0859375
11 0.4078125 0.33203125 0.07265625 0.06015625
11 0.49609375 0.3671875 0.03984375 0.065625
12 0.55703125 0.2078125 0.01484375 0.0171875
6 0.590625 0.059375 0.0109375 0.0125
11 0.60078125 0.09140625 0.0390625 0.0734375
11 0.62890625 0.07734375 0.02109375 0.03671875
11 0.6390625 0.128125 0.01484375 0.04765625
13 0.70078125 0.09453125 0.0203125 0.03125
6 0.671875 0.03359375 0.0109375 0.01640625
6 0.73203125 0.028125 0.0140625 0.0109375
12 0.7484375 0.03203125 0.01640625 0.01953125
11 0.74453125 0.08828125 0.0421875 0.0296875
6 0.821875 0.1625 0.0171875 0.01640625
6 0.8296875 0.07734375 0.01796875 0.00859375
11 0.85 0.040625 0.046875 0.059375
11 0.90078125 0.0625 0.04140625 0.02890625
10 0.928125 0.09375 0.05 0.03984375
3 0.93125 0.0671875 0.03046875 0.0328125
10 0.96171875 0.0546875 0.04296875 0.0546875