10 0.14453125 0.61953125 0.0921875 0.1015625
6 0.1296875 0.7640625 0.028125 0.046484375
6 0.2109375 0.97734375 0.041015625 0.044921875
11 0.25625 0.4390625 0.077734375 0.078125
11 0.37265625 0.44765625 0.0390625 0.064453125
11 0.46171875 0.2 0.014453125 0.04296875
11 0.43671875 0.15703125 0.033203125 0.059375
11 0.46171875 0.15625 0.021875 0.041015625
13 0.53046875 0.16640625 0.01953125 0.0296875
6 0.5578125 0.10390625 0.0125 0.009375
12 0.57109375 0.10703125 0.016796875 0.0171875
11 0.57265625 0.1515625 0.038671875 0.0375
6 0.6515625 0.13203125 0.015234375 0.0109375
6 0.65 0.21796875 0.015234375 0.014453125
11 0.6859375 0.0859375 0.04609375 0.06484375
11 0.72421875 0.1171875 0.0359375 0.02265625
10 0.73515625 0.14296875 0.046875 0.0390625
10 0.75703125 0.09609375 0.0359375 0.0421875
3 0.7578125 0.11953125 0.02734375 0.0296875
6 0.82265625 0.15390625 0.034375 0.0171875
6 0.803125 0.0703125 0.012109375 0.015625
13 0.81953125 0.1125 0.02265625 0.021875
12 0.86796875 0.0515625 0.0234375 0.01953125
11 0.96875 0.04296875 0.0375 0.030078125