6 0.4015625 0.83046875 0.034375 0.0453125
16 0.11015625 0.615625 0.0515625 0.0828125
6 0.1546875 0.61953125 0.0546875 0.07734375
10 0.334375 0.46328125 0.07578125 0.0859375
11 0.43125 0.33046875 0.07578125 0.05703125
11 0.515625 0.3640625 0.040625 0.06875
12 0.58046875 0.20703125 0.0125 0.015625
11 0.62578125 0.08984375 0.04140625 0.0765625
11 0.6546875 0.07421875 0.0203125 0.0375
11 0.66328125 0.1265625 0.01328125 0.04921875
6 0.69921875 0.03359375 0.0125 0.02109375
13 0.728125 0.0921875 0.0203125 0.03125
6 0.76015625 0.0296875 0.0140625 0.01171875
12 0.77578125 0.034375 0.01640625 0.01953125
11 0.77265625 0.08828125 0.0421875 0.02734375
6 0.85078125 0.16875 0.015625 0.01640625
6 0.859375 0.0828125 0.0203125 0.01015625
11 0.884375 0.04375 0.05 0.0640625
11 0.93515625 0.07109375 0.04296875 0.03125
10 0.96015625 0.10078125 0.05390625 0.046875
3 0.9671875 0.07578125 0.03203125 0.03359375
10 0.9859375 0.06328125 0.02734375 0.05