13 0.17109375 0.94609375 0.04765625 0.0375
13 0.190625 0.61015625 0.03828125 0.03046875
6 0.0359375 0.1796875 0.05703125 0.03359375
11 0.06640625 0.11171875 0.01328125 0.02578125
11 0.103125 0.13125 0.015625 0.0359375
11 0.2859375 0.13828125 0.03125 0.04765625
11 0.3265625 0.12734375 0.0234375 0.040625
11 0.359375 0.12109375 0.0421875 0.03671875
13 0.39140625 0.13984375 0.0203125 0.0234375
1 0.4203125 0.16640625 0.02734375 0.02109375
11 0.41640625 0.1359375 0.01484375 0.02421875
12 0.425 0.13359375 0.01015625 0.01953125
11 0.4390625 0.1125 0.0234375 0.03515625
6 0.39296875 0.215625 0.0171875 0.01640625
11 0.52578125 0.15 0.02578125 0.04140625
16 0.5875 0.13515625 0.05703125 0.03515625
13 0.8828125 0.28125 0.040625 0.0328125