6 0.9640625 0.71171875 0.06484375 0.088671875
10 0.775 0.5046875 0.08203125 0.09453125
6 0.66484375 0.88203125 0.0359375 0.05078125
11 0.6796875 0.3640625 0.075 0.06875
11 0.5671875 0.3875 0.0203125 0.075
6 0.534375 0.22421875 0.01328125 0.0171875
11 0.49765625 0.1078125 0.0328125 0.08359375
11 0.46953125 0.08984375 0.021875 0.038671875
11 0.45390625 0.134375 0.0140625 0.041015625
6 0.43203125 0.0390625 0.0109375 0.01875
13 0.40234375 0.09453125 0.019921875 0.03125
6 0.37734375 0.03046875 0.0125 0.0125
12 0.36171875 0.034375 0.014453125 0.019140625
11 0.3625 0.08671875 0.040234375 0.026953125
6 0.290625 0.15078125 0.0171875 0.01640625
11 0.2734375 0.040625 0.043359375 0.056640625
6 0.2859375 0.075 0.016015625 0.009375
11 0.22734375 0.05 0.03515625 0.03359375
10 0.1953125 0.0828125 0.04921875 0.03984375
3 0.2 0.05546875 0.027734375 0.032421875
10 0.165625 0.04375 0.03828125 0.04921875
6 0.10625 0.10234375 0.034765625 0.017578125
13 0.09921875 0.0609375 0.023828125 0.025