11 0.67265625 0.084375 0.04140625 0.03125
13 0.63203125 0.08984375 0.02109375 0.03515625
12 0.67421875 0.028125 0.015625 0.021875
6 0.65859375 0.025 0.01328125 0.0125
6 0.746875 0.15 0.01640625 0.0203125
11 0.76640625 0.03671875 0.0453125 0.0609375
11 0.81484375 0.0484375 0.03671875 0.03515625
10 0.84609375 0.08125 0.05078125 0.03984375
3 0.84375 0.05390625 0.028125 0.034375
10 0.8765625 0.04140625 0.0390625 0.05390625
6 0.93671875 0.103125 0.03671875 0.0203125
6 0.89609375 0.26328125 0.01640625 0.0203125
13 0.94453125 0.06015625 0.0265625 0.02734375
11 0.57734375 0.125 0.01484375 0.0390625
11 0.5328125 0.1 0.03828125 0.08671875
11 0.5625 0.08046875 0.01953125 0.04140625
6 0.49609375 0.21484375 0.0140625 0.01796875
11 0.453125 0.375 0.03046875 0.07578125
11 0.35 0.34453125 0.07578125 0.065625
10 0.25625 0.4875 0.08046875 0.08984375
16 0.02265625 0.69375 0.04375 0.10625
6 0.0734375 0.67890625 0.05859375 0.08359375
6 0.35390625 0.859375 0.03828125 0.05703125