11 0.32734375 0.084375 0.041796875 0.03125
13 0.36796875 0.08984375 0.020703125 0.035546875
12 0.32578125 0.028125 0.015625 0.021875
6 0.34140625 0.025 0.013671875 0.0125
6 0.253125 0.15 0.01640625 0.0203125
11 0.23359375 0.03671875 0.0453125 0.0609375
11 0.18515625 0.0484375 0.036328125 0.034765625
10 0.15390625 0.08125 0.051171875 0.040234375
3 0.15625 0.05390625 0.028125 0.034375
10 0.1234375 0.04140625 0.03984375 0.054296875
6 0.06328125 0.103125 0.036328125 0.01953125
6 0.10390625 0.26328125 0.016796875 0.0203125
13 0.05546875 0.06015625 0.0265625 0.026953125
11 0.42265625 0.125 0.014453125 0.03828125
11 0.4671875 0.1 0.037890625 0.087109375
11 0.4375 0.08046875 0.019140625 0.041796875
6 0.50390625 0.21484375 0.0140625 0.01796875
11 0.546875 0.375 0.030859375 0.075390625
11 0.65 0.34453125 0.075390625 0.065625
10 0.74375 0.4875 0.080859375 0.090234375
16 0.97734375 0.69375 0.04375 0.10625
6 0.9265625 0.67890625 0.058984375 0.083203125
6 0.64609375 0.859375 0.038671875 0.056640625