10 0.82421875 0.5953125 0.0875 0.09765625
11 0.715625 0.4234375 0.078125 0.075
11 0.6078125 0.44140625 0.03046875 0.07109375
6 0.575 0.27734375 0.01328125 0.015625
6 0.32109375 0.21640625 0.015625 0.01875
11 0.2828125 0.08203125 0.050390625 0.065625
13 0.43984375 0.159375 0.023046875 0.0375
11 0.5078125 0.1921875 0.018359375 0.03984375
11 0.53125 0.15 0.03046875 0.05859375
11 0.50703125 0.14765625 0.019921875 0.038671875
11 0.396875 0.146875 0.040234375 0.03828125
12 0.39765625 0.0984375 0.017578125 0.01875
6 0.4109375 0.09609375 0.012890625 0.013671875
10 0.2375 0.140625 0.037890625 0.040625
11 0.24375 0.1125 0.0375 0.02421875
10 0.2078125 0.090625 0.037890625 0.04296875
3 0.21015625 0.11484375 0.026953125 0.0296875
13 0.1453125 0.109375 0.025 0.02421875
6 0.08515625 0.05390625 0.0421875 0.029296875
12 0.5234375 0.06015625 0.01484375 0.0171875
6 0.76015625 0.95625 0.0390625 0.05546875