13 0.57890625 0.16328125 0.0375 0.0765625
11 0.69765625 0.26015625 0.0484375 0.14375
0 0.6703125 0.35 0.01796875 0.0296875
6 0.66015625 0.575 0.0328125 0.02265625
6 0.671875 0.56171875 0.025 0.028125
6 0.69140625 0.5421875 0.0421875 0.04921875
0 0.56953125 0.61875 0.021875 0.03359375
16 0.59609375 0.62265625 0.0484375 0.17890625
0 0.453125 0.7546875 0.01640625 0.02578125
12 0.52109375 0.7328125 0.0390625 0.0625
6 0.66640625 0.6203125 0.03203125 0.03984375
15 0.63203125 0.6875 0.128125 0.16953125