11 0.1046875 0.39609375 0.047265625 0.123828125
11 0.1140625 0.41875 0.024609375 0.040625
11 0.13984375 0.334375 0.03125 0.052734375
6 0.12109375 0.52109375 0.0265625 0.034375
12 0.1453125 0.42421875 0.01640625 0.023828125
11 0.340625 0.315625 0.02421875 0.07109375
11 0.3609375 0.31171875 0.025390625 0.101171875
13 0.34296875 0.38125 0.03046875 0.04921875
11 0.3859375 0.371875 0.056640625 0.0375
10 0.66796875 0.3015625 0.06875 0.062109375
10 0.75 0.2265625 0.04453125 0.06875
10 0.790625 0.2828125 0.044140625 0.02734375
11 0.7828125 0.21953125 0.028125 0.059375
13 0.8015625 0.22578125 0.02734375 0.030078125
3 0.82578125 0.20703125 0.036328125 0.048828125
13 0.78828125 0.1578125 0.033203125 0.041015625
10 0.853125 0.11875 0.0390625 0.028125
11 0.74609375 0.1453125 0.061328125 0.08515625
11 0.92421875 0.33984375 0.02109375 0.03359375
10 0.3984375 0.84140625 0.059765625 0.11875
3 0.26640625 0.33046875 0.0328125 0.039453125