11 0.03515625 0.28359375 0.025 0.03828125
13 0.02421875 0.25703125 0.01875 0.02421875
10 0.01328125 0.23984375 0.0265625 0.02109375
12 0.07109375 0.3234375 0.01796875 0.01875
11 0.0671875 0.4125 0.0359375 0.06484375
11 0.09453125 0.41484375 0.0234375 0.0421875
11 0.08671875 0.46328125 0.02109375 0.0375
12 0.01796875 0.5703125 0.01875 0.01875
11 0.0390625 0.7734375 0.07265625 0.06015625
13 0.18515625 0.40625 0.0203125 0.03125
6 0.134375 0.3625 0.0171875 0.0140625
6 0.2140625 0.3328125 0.0140625 0.009375
12 0.2296875 0.3328125 0.01796875 0.0140625
11 0.234375 0.37421875 0.0359375 0.04375
6 0.3265625 0.4296875 0.0140625 0.01640625
6 0.32109375 0.33828125 0.0125 0.01171875
10 0.4015625 0.3375 0.0421875 0.0390625
11 0.4 0.31484375 0.03203125 0.01953125
11 0.365625 0.28046875 0.04296875 0.059375
10 0.4125 0.28828125 0.02890625 0.03984375
3 0.4375 0.315625 0.0234375 0.0265625
6 0.47734375 0.33203125 0.02734375 0.01328125
13 0.465625 0.29453125 0.01640625 0.01796875
12 0.50625 0.234375 0.01875 0.0171875
11 0.578125 0.22890625 0.0109375 0.0171875
10 0.63203125 0.2484375 0.0203125 0.04140625
11 0.659375 0.28984375 0.025 0.02890625
11 0.65390625 0.29765625 0.015625 0.02265625