10 0.63046875 0.24765625 0.053125 0.129296875
13 0.6171875 0.6328125 0.04140625 0.056640625
12 0.6375 0.7203125 0.01796875 0.022265625
12 0.60390625 0.7328125 0.023046875 0.015234375
11 0.61015625 0.703125 0.025 0.066015625
11 0.58984375 0.70078125 0.03515625 0.09609375
11 0.56953125 0.63828125 0.05390625 0.040625
10 0.296875 0.73828125 0.071875 0.059375
10 0.17265625 0.775 0.04765625 0.025
3 0.1421875 0.84375 0.03359375 0.03828125
13 0.16015625 0.83515625 0.0265625 0.0328125
11 0.18046875 0.846875 0.021875 0.056640625
13 0.15546875 0.9109375 0.032421875 0.03984375
10 0.12109375 0.94921875 0.035546875 0.026171875
11 0.19453125 0.93359375 0.0609375 0.08984375
10 0.2125 0.8328125 0.04375 0.065625
11 0.82734375 0.66171875 0.029296875 0.045703125
11 0.84765625 0.56640625 0.01875 0.0515625
11 0.8640625 0.5859375 0.04765625 0.121875
6 0.82578125 0.50625 0.02421875 0.03359375
12 0.80703125 0.5734375 0.0171875 0.02265625
11 0.04453125 0.703125 0.028125 0.0328125