11 0.96875 0.434375 0.04296875 0.07421875
10 0.91171875 0.43046875 0.0359375 0.05
11 0.9015625 0.44921875 0.0390625 0.02421875
10 0.92265625 0.49296875 0.05546875 0.05390625
6 0.86171875 0.38203125 0.01171875 0.0171875
13 0.8515625 0.4140625 0.015625 0.02265625
3 0.8515625 0.43203125 0.028515625 0.026953125
12 0.80546875 0.32578125 0.0203125 0.01640625
11 0.728125 0.3109375 0.016015625 0.019140625
10 0.6578125 0.378125 0.024609375 0.047265625
11 0.63203125 0.38515625 0.026171875 0.035546875
11 0.62578125 0.3921875 0.0171875 0.0234375
11 0.10859375 0.29609375 0.0125 0.028125
10 0.10859375 0.33125 0.02578125 0.0375
11 0.08515625 0.2953125 0.025 0.0359375
6 0.83671875 0.6296875 0.0140625 0.021484375