0 0.43046875 0.675 0.01875 0.02890625
0 0.534375 0.55 0.02265625 0.03671875
12 0.4984375 0.6359375 0.04140625 0.0609375
16 0.565625 0.53203125 0.053125 0.1765625
15 0.61015625 0.6078125 0.11796875 0.178125
6 0.6265625 0.48828125 0.03203125 0.0296875
6 0.63984375 0.4765625 0.025 0.02265625
6 0.6390625 0.52578125 0.02109375 0.04609375
6 0.659375 0.4421875 0.0359375 0.046875
0 0.63671875 0.25703125 0.01875 0.02578125
11 0.66015625 0.1671875 0.0671875 0.17109375
10 0.69765625 0.03671875 0.02421875 0.0390625
13 0.54609375 0.0703125 0.03515625 0.07109375