10 0.50078125 0.6703125 0.041796875 0.06484375
10 0.58359375 0.56640625 0.0671875 0.057421875
11 0.475 0.7703125 0.052734375 0.071484375
11 0.46796875 0.6953125 0.0296875 0.055859375
10 0.4625 0.6203125 0.050390625 0.02734375
13 0.453125 0.67734375 0.021875 0.0296875
3 0.43125 0.68203125 0.030859375 0.040625
13 0.4390625 0.75546875 0.02734375 0.0359375
10 0.42734375 0.78203125 0.035546875 0.023828125
11 0.36015625 0.54296875 0.03671875 0.03671875
12 0.93828125 0.490625 0.016796875 0.024609375
12 0.89375 0.50703125 0.02421875 0.026171875
13 0.91015625 0.39921875 0.046875 0.053125
11 0.85 0.41484375 0.059375 0.065625
11 0.878125 0.4921875 0.025390625 0.07265625
11 0.8578125 0.49375 0.0359375 0.1046875