10 0.634375 0.10703125 0.066015625 0.110546875
11 0.72109375 0.6390625 0.023046875 0.072265625
11 0.7 0.64296875 0.027734375 0.0984375
11 0.67578125 0.58359375 0.06015625 0.04453125
13 0.71640625 0.5703125 0.03125 0.055859375
11 0.9640625 0.546875 0.047265625 0.127734375
11 0.95234375 0.521875 0.0234375 0.059375
11 0.925 0.60625 0.03203125 0.06171875
12 0.92109375 0.51953125 0.0203125 0.034375
6 0.9484375 0.41328125 0.030859375 0.0484375
10 0.38984375 0.65625 0.070703125 0.059765625
10 0.31484375 0.740625 0.042578125 0.059765625
10 0.27109375 0.6828125 0.04453125 0.02109375
11 0.2828125 0.74453125 0.0265625 0.05546875
13 0.2640625 0.73984375 0.025 0.028125
3 0.23984375 0.7640625 0.033203125 0.034765625
13 0.28046875 0.80390625 0.03125 0.040625
11 0.321875 0.81484375 0.058984375 0.082421875
10 0.21484375 0.84765625 0.040625 0.0359375
11 0.14296875 0.6328125 0.020703125 0.034765625