10 0.634375 0.89296875 0.06640625 0.11015625
11 0.72109375 0.3609375 0.023046875 0.072265625
11 0.7 0.35703125 0.027734375 0.0984375
11 0.67578125 0.41640625 0.060546875 0.044921875
13 0.71640625 0.4296875 0.03125 0.05546875
11 0.9640625 0.453125 0.047265625 0.127734375
11 0.95234375 0.478125 0.0234375 0.059375
11 0.925 0.39375 0.0328125 0.0609375
12 0.92109375 0.48046875 0.0203125 0.034375
6 0.9484375 0.58671875 0.030859375 0.0484375
10 0.38984375 0.34375 0.070703125 0.059765625
10 0.31484375 0.259375 0.042578125 0.059765625
10 0.27109375 0.3171875 0.044921875 0.021484375
11 0.2828125 0.25546875 0.02734375 0.055078125
13 0.2640625 0.26015625 0.025 0.028125
3 0.23984375 0.2359375 0.033203125 0.034765625
13 0.28046875 0.19609375 0.03125 0.040625
11 0.321875 0.18515625 0.058984375 0.082421875
10 0.21484375 0.15234375 0.040625 0.0359375
11 0.14296875 0.3671875 0.020703125 0.034765625