11 0.1046875 0.60390625 0.047265625 0.123828125
11 0.1140625 0.58125 0.024609375 0.040625
11 0.13984375 0.665625 0.03125 0.052734375
6 0.12109375 0.47890625 0.0265625 0.034375
12 0.1453125 0.57578125 0.0171875 0.02421875
11 0.340625 0.684375 0.02421875 0.07109375
11 0.3609375 0.68828125 0.025390625 0.101171875
13 0.34296875 0.61875 0.03046875 0.04921875
11 0.3859375 0.628125 0.056640625 0.0375
10 0.66796875 0.6984375 0.06875 0.06171875
10 0.75 0.7734375 0.044140625 0.06875
10 0.790625 0.7171875 0.04453125 0.0265625
11 0.7828125 0.78046875 0.028125 0.059375
13 0.8015625 0.77421875 0.0265625 0.03046875
3 0.82578125 0.79296875 0.036328125 0.048828125
13 0.78828125 0.8421875 0.033203125 0.041015625
10 0.853125 0.88125 0.03828125 0.028125
11 0.74609375 0.8546875 0.061328125 0.08515625
11 0.92421875 0.66015625 0.020703125 0.033203125
10 0.3984375 0.15859375 0.059765625 0.11875
3 0.26640625 0.66953125 0.0328125 0.039453125