10 0.49921875 0.3296875 0.04140625 0.0640625
10 0.41640625 0.43359375 0.0671875 0.05703125
11 0.525 0.2296875 0.05234375 0.07109375
11 0.53203125 0.3046875 0.0296875 0.05546875
10 0.5375 0.3796875 0.05078125 0.0265625
13 0.546875 0.32265625 0.021875 0.0296875
3 0.56875 0.31796875 0.03046875 0.040625
13 0.5609375 0.24453125 0.0265625 0.0359375
10 0.57265625 0.21796875 0.03515625 0.02421875
11 0.63984375 0.45703125 0.03671875 0.03671875
12 0.06171875 0.509375 0.01640625 0.02421875
12 0.10625 0.49296875 0.0234375 0.02578125
13 0.08984375 0.60078125 0.046875 0.053125
11 0.15 0.58515625 0.059375 0.065625
11 0.121875 0.5078125 0.02578125 0.0734375
11 0.1421875 0.50625 0.0359375 0.1046875