10 0.365625 0.89296875 0.06640625 0.11015625
11 0.27890625 0.3609375 0.02265625 0.07265625
11 0.3 0.35703125 0.02734375 0.0984375
11 0.32421875 0.41640625 0.06015625 0.04453125
13 0.28359375 0.4296875 0.03125 0.05546875
11 0.0359375 0.453125 0.04765625 0.12734375
11 0.04765625 0.478125 0.0234375 0.059375
11 0.075 0.39375 0.0328125 0.0609375
12 0.07890625 0.48046875 0.0203125 0.034375
6 0.0515625 0.58671875 0.03046875 0.0484375
10 0.61015625 0.34375 0.07109375 0.06015625
10 0.68515625 0.259375 0.04296875 0.06015625
10 0.72890625 0.3171875 0.04453125 0.02109375
11 0.7171875 0.25546875 0.0265625 0.05546875
13 0.7359375 0.26015625 0.025 0.028125
3 0.76015625 0.2359375 0.03359375 0.03515625
13 0.71953125 0.19609375 0.03125 0.040625
11 0.678125 0.18515625 0.05859375 0.08203125
10 0.78515625 0.15234375 0.040625 0.0359375
11 0.85703125 0.3671875 0.02109375 0.03515625