11 0.52890625 0.5203125 0.036328125 0.034765625
11 0.41953125 0.7453125 0.0546875 0.062109375
3 0.46015625 0.659375 0.0328125 0.03828125
10 0.3890625 0.6484375 0.044140625 0.065234375
11 0.41953125 0.67890625 0.03125 0.054296875
13 0.4375 0.659375 0.021484375 0.030859375
10 0.42421875 0.60078125 0.0375 0.028125
10 0.4609375 0.7484375 0.03359375 0.059765625
10 0.30546875 0.53046875 0.0703125 0.060546875
11 0.03046875 0.35234375 0.0609375 0.0734375
11 0.0140625 0.4453125 0.0234375 0.07734375
11 0.0359375 0.4515625 0.03359375 0.10625