10 0.54140625 0.865625 0.060546875 0.10703125
13 0.6515625 0.40625 0.03515625 0.0515625
11 0.65625 0.334375 0.025 0.066015625
11 0.63671875 0.33359375 0.032421875 0.098046875
11 0.609375 0.39140625 0.056640625 0.034375
10 0.321875 0.3375 0.07265625 0.05546875
11 0.25234375 0.1859375 0.0609375 0.083984375
13 0.21015625 0.196875 0.03125 0.043359375
10 0.24375 0.2609375 0.046484375 0.0625
11 0.2125 0.2578125 0.02421875 0.055859375
10 0.19921875 0.32421875 0.04375 0.023046875
13 0.19296875 0.26484375 0.02734375 0.03046875
3 0.1671875 0.24140625 0.034765625 0.039453125
10 0.134375 0.15859375 0.040625 0.026953125
11 0.06328125 0.38046875 0.0203125 0.0375
11 0.88984375 0.40625 0.048828125 0.121875
11 0.85078125 0.34765625 0.03125 0.0484375
11 0.878125 0.428125 0.02265625 0.05234375
6 0.8796875 0.5484375 0.028125 0.04296875
12 0.85078125 0.43828125 0.01875 0.028125