6 0.86640625 0.46328125 0.0171875 0.0234375
6 0.8796875 0.5671875 0.015234375 0.01640625
11 0.9859375 0.50078125 0.02734375 0.051171875
12 0.99375 0.53828125 0.012109375 0.0171875
11 0.83125 0.65 0.040234375 0.071484375
10 0.7796875 0.64921875 0.0328125 0.0390625
11 0.78046875 0.62109375 0.0375 0.023828125
10 0.7875 0.5890625 0.0515625 0.04453125
6 0.7046875 0.61953125 0.02890625 0.019921875
3 0.73515625 0.63046875 0.02734375 0.03125
13 0.72421875 0.65390625 0.015625 0.0234375
6 0.73359375 0.68515625 0.010546875 0.01875
12 0.68203125 0.73125 0.019921875 0.018359375
11 0.61171875 0.74296875 0.014453125 0.0203125
10 0.5359375 0.69453125 0.022265625 0.0421875
11 0.52734375 0.67890625 0.030078125 0.020703125
11 0.525 0.66796875 0.0203125 0.0171875