13 0.26484375 0.08515625 0.09140625 0.1421875
12 0.134375 0.61796875 0.01875 0.025
0 0.15078125 0.63828125 0.010546875 0.013671875
0 0.1109375 0.640625 0.012109375 0.015234375
0 0.05234375 0.7015625 0.009375 0.0125
16 0.090625 0.6359375 0.037109375 0.05234375
13 0.07734375 0.78203125 0.01875 0.03125
11 0.04609375 0.74140625 0.0265625 0.059375
11 0.01640625 0.49609375 0.0328125 0.044921875
15 0.0765625 0.590625 0.06015625 0.068359375
6 0.0640625 0.63828125 0.00859375 0.020703125
6 0.05234375 0.63828125 0.017578125 0.017578125
6 0.04765625 0.62578125 0.0109375 0.010546875