11 0.49609375 0.725 0.01328125 0.0203125
10 0.43125 0.690625 0.021875 0.047265625
11 0.415625 0.665625 0.03046875 0.024609375
11 0.41875 0.6578125 0.01875 0.015234375
12 0.56484375 0.71328125 0.017578125 0.014453125
6 0.5921875 0.61484375 0.028125 0.014453125
13 0.60546875 0.6484375 0.015625 0.019140625
3 0.62734375 0.625 0.02421875 0.02578125
10 0.659375 0.65078125 0.028125 0.0375
10 0.6703125 0.5953125 0.044140625 0.03515625
11 0.6671875 0.62421875 0.03359375 0.01875
11 0.7046875 0.65546875 0.0421875 0.0640625
6 0.753125 0.58984375 0.01328125 0.0140625
6 0.7453125 0.49453125 0.015234375 0.016796875
12 0.85390625 0.5828125 0.01875 0.01640625
6 0.871875 0.58359375 0.015625 0.0109375
11 0.85078125 0.54375 0.0390625 0.05078125
13 0.9046875 0.503125 0.025390625 0.034375
6 0.96171875 0.54296875 0.01953125 0.01875
11 0.99375 0.48515625 0.012109375 0.046875