12 0.93359375 0.48359375 0.025 0.0296875
13 0.94921875 0.3734375 0.048828125 0.05859375
11 0.8859375 0.3921875 0.0625 0.06875
11 0.9125 0.4734375 0.022265625 0.075390625
11 0.8890625 0.47421875 0.030859375 0.105078125
10 0.61796875 0.55234375 0.06875 0.05703125
10 0.53671875 0.659375 0.04140625 0.06484375
10 0.50078125 0.6140625 0.04375 0.027734375
11 0.50859375 0.76171875 0.048828125 0.070703125
11 0.50390625 0.68828125 0.03125 0.051171875
13 0.48828125 0.66796875 0.020703125 0.030078125
3 0.46640625 0.67265625 0.030078125 0.035546875
11 0.3953125 0.53515625 0.03515625 0.033203125
10 0.4625 0.77265625 0.040625 0.0328125
13 0.471875 0.7484375 0.028125 0.0375