10 0.1234375 0.05234375 0.062890625 0.104296875
13 0.05390625 0.46875 0.03359375 0.0359375
12 0.109375 0.515625 0.01875 0.025
13 0.13359375 0.42578125 0.046875 0.05546875
12 0.14921875 0.5296875 0.021875 0.02734375
11 0.1921875 0.4390625 0.058984375 0.066015625
11 0.15625 0.50859375 0.031640625 0.073828125
11 0.17578125 0.50859375 0.04375 0.1015625
10 0.459375 0.57734375 0.06796875 0.0640625
10 0.540625 0.6796875 0.040625 0.062890625
10 0.5796875 0.62890625 0.04609375 0.035546875
11 0.5640625 0.7828125 0.055859375 0.081640625
13 0.59921875 0.7609375 0.0296875 0.034765625
11 0.57265625 0.7015625 0.029296875 0.05234375
13 0.58828125 0.68515625 0.020703125 0.026953125
3 0.60625 0.690625 0.028125 0.03671875
10 0.61328125 0.7921875 0.03125 0.025
11 0.68515625 0.559375 0.034375 0.0328125