11 0.03125 0.565625 0.04296875 0.07421875
10 0.08828125 0.56953125 0.0359375 0.05
11 0.0984375 0.55078125 0.0390625 0.02421875
10 0.07734375 0.50703125 0.055078125 0.054296875
6 0.13828125 0.61796875 0.011328125 0.0171875
13 0.1484375 0.5859375 0.015625 0.02265625
3 0.1484375 0.56796875 0.02890625 0.02734375
12 0.19453125 0.67421875 0.0203125 0.01640625
11 0.271875 0.6890625 0.016015625 0.019140625
10 0.3421875 0.621875 0.024609375 0.047265625
11 0.36796875 0.61484375 0.026171875 0.035546875
11 0.37421875 0.6078125 0.0171875 0.02265625
11 0.89140625 0.70390625 0.0125 0.028125
10 0.89140625 0.66875 0.026171875 0.0375
11 0.91484375 0.7046875 0.025 0.03515625
6 0.16328125 0.3703125 0.0140625 0.021484375