10 0.653125 0.44453125 0.069140625 0.057421875
10 0.5703125 0.33359375 0.044140625 0.065625
10 0.53671875 0.38203125 0.0375 0.023828125
11 0.5390625 0.30390625 0.030859375 0.051171875
13 0.52265625 0.32421875 0.023046875 0.028125
3 0.50078125 0.321875 0.03046875 0.03515625
11 0.5390625 0.234375 0.05234375 0.068359375
10 0.49453125 0.221875 0.04140625 0.02421875
11 0.43203125 0.465625 0.039453125 0.03203125
12 0.9734375 0.5140625 0.027734375 0.02734375
11 0.94296875 0.52109375 0.02265625 0.071875
11 0.921875 0.51640625 0.02890625 0.1125
13 0.98203125 0.62265625 0.0359375 0.05625
11 0.9234375 0.6078125 0.062109375 0.068359375
13 0.50234375 0.24296875 0.030078125 0.032421875