11 0.52890625 0.4796875 0.03671875 0.03515625
11 0.41953125 0.2546875 0.0546875 0.06171875
3 0.46015625 0.340625 0.0328125 0.0390625
10 0.3890625 0.3515625 0.04453125 0.06484375
11 0.41953125 0.32109375 0.03125 0.05390625
13 0.4375 0.340625 0.02109375 0.03046875
10 0.42421875 0.39921875 0.0375 0.028125
10 0.4609375 0.2515625 0.0328125 0.06015625
10 0.30546875 0.46953125 0.0703125 0.06015625
11 0.03046875 0.64765625 0.0609375 0.0734375
11 0.0140625 0.5546875 0.0234375 0.07734375
11 0.0359375 0.5484375 0.0328125 0.10625