11 0.96484375 0.71640625 0.025 0.038671875
13 0.97578125 0.74296875 0.01875 0.023828125
10 0.98671875 0.76015625 0.0265625 0.020703125
12 0.92890625 0.6765625 0.017578125 0.01875
11 0.9328125 0.5875 0.03515625 0.065234375
11 0.90546875 0.58515625 0.0234375 0.0421875
11 0.91328125 0.53671875 0.020703125 0.0375
12 0.98203125 0.4296875 0.01875 0.01875
11 0.9609375 0.2265625 0.07265625 0.06015625
13 0.81484375 0.59375 0.0203125 0.03125
6 0.865625 0.6375 0.01796875 0.01328125
6 0.7859375 0.6671875 0.0140625 0.009375
12 0.7703125 0.6671875 0.018359375 0.01484375
11 0.765625 0.62578125 0.03671875 0.04375
6 0.6734375 0.5703125 0.0140625 0.01640625
6 0.67890625 0.66171875 0.0125 0.011328125
10 0.5984375 0.6625 0.0421875 0.0390625
11 0.6 0.68515625 0.031640625 0.019921875
11 0.634375 0.71953125 0.043359375 0.059375
10 0.5875 0.71171875 0.02890625 0.03984375
3 0.5625 0.684375 0.02421875 0.02578125
6 0.52265625 0.66796875 0.026953125 0.013671875
13 0.534375 0.70546875 0.016015625 0.017578125
12 0.49375 0.765625 0.01875 0.01796875
11 0.421875 0.77109375 0.01171875 0.0171875
10 0.36796875 0.7515625 0.0203125 0.041015625
11 0.340625 0.71015625 0.025 0.029296875
11 0.34609375 0.70234375 0.015625 0.023046875