10 0.36953125 0.75234375 0.053125 0.12890625
13 0.3828125 0.3671875 0.0421875 0.05703125
12 0.3625 0.2796875 0.0171875 0.02265625
12 0.39609375 0.2671875 0.02265625 0.01484375
11 0.38984375 0.296875 0.025 0.06640625
11 0.41015625 0.29921875 0.03515625 0.09609375
11 0.43046875 0.36171875 0.05390625 0.040625
10 0.703125 0.26171875 0.071875 0.059375
10 0.82734375 0.225 0.04765625 0.025
3 0.8578125 0.15625 0.0328125 0.0390625
13 0.83984375 0.16484375 0.0265625 0.0328125
11 0.81953125 0.153125 0.021875 0.05703125
13 0.84453125 0.0890625 0.03203125 0.0390625
10 0.87890625 0.05078125 0.03515625 0.02578125
11 0.80546875 0.06640625 0.0609375 0.08984375
10 0.7875 0.1671875 0.04375 0.065625
11 0.17265625 0.33828125 0.02890625 0.04609375
11 0.15234375 0.43359375 0.01875 0.0515625
11 0.1359375 0.4140625 0.04765625 0.121875
6 0.17421875 0.49375 0.02421875 0.03359375
12 0.19296875 0.4265625 0.0171875 0.02265625
11 0.95546875 0.296875 0.028125 0.0328125