13 0.42109375 0.16328125 0.0375 0.0765625
11 0.30234375 0.26015625 0.0484375 0.14375
0 0.3296875 0.35 0.018359375 0.03046875
6 0.33984375 0.575 0.0328125 0.022265625
6 0.328125 0.56171875 0.025 0.028125
6 0.30859375 0.5421875 0.0421875 0.049609375
0 0.43046875 0.61875 0.021875 0.033984375
16 0.40390625 0.62265625 0.0484375 0.179296875
0 0.546875 0.7546875 0.016015625 0.025390625
12 0.47890625 0.7328125 0.0390625 0.0625
6 0.33359375 0.6203125 0.03203125 0.03984375
15 0.36796875 0.6875 0.128125 0.16953125