11 0.49609375 0.275 0.013671875 0.01953125
10 0.43125 0.309375 0.021875 0.04765625
11 0.415625 0.334375 0.03046875 0.024609375
11 0.41875 0.3421875 0.01875 0.015234375
12 0.56484375 0.28671875 0.017578125 0.014453125
6 0.5921875 0.38515625 0.028125 0.014453125
13 0.60546875 0.3515625 0.015625 0.01953125
3 0.62734375 0.375 0.023828125 0.025390625
10 0.659375 0.34921875 0.028125 0.0375
10 0.6703125 0.4046875 0.04453125 0.0359375
11 0.6671875 0.37578125 0.03359375 0.01875
11 0.7046875 0.34453125 0.04140625 0.0640625
6 0.753125 0.41015625 0.01328125 0.0140625
6 0.7453125 0.50546875 0.015234375 0.016796875
12 0.85390625 0.4171875 0.01875 0.016015625
6 0.871875 0.41640625 0.015625 0.0109375
11 0.85078125 0.45625 0.0390625 0.050390625
13 0.9046875 0.496875 0.025390625 0.034375
6 0.96171875 0.45703125 0.01953125 0.01875
11 0.99375 0.51484375 0.012109375 0.046875