13 0.19375 0.4828125 0.04453125 0.05234375
12 0.171875 0.57421875 0.0171875 0.0234375
12 0.2078125 0.5859375 0.01640625 0.02265625
11 0.209375 0.56328125 0.028515625 0.0734375
11 0.2296875 0.5609375 0.044140625 0.099609375
11 0.24921875 0.4953125 0.057421875 0.05
10 0.5171875 0.62265625 0.066015625 0.058203125
10 0.6 0.72265625 0.041015625 0.067578125
10 0.63984375 0.67265625 0.05 0.026171875
13 0.65703125 0.80390625 0.03203125 0.0375
3 0.66484375 0.7375 0.028125 0.040234375
13 0.6484375 0.72890625 0.02265625 0.032421875
11 0.63046875 0.7453125 0.025 0.052734375
10 0.68046875 0.83828125 0.0421875 0.02890625
11 0.62109375 0.825 0.05625 0.08046875
11 0.74765625 0.6046875 0.0328125 0.03984375
10 0.18203125 0.1046875 0.061328125 0.134375