10 0.8765625 0.94765625 0.062890625 0.104296875
13 0.94609375 0.53125 0.033203125 0.03671875
12 0.890625 0.484375 0.01875 0.025
13 0.86640625 0.57421875 0.046875 0.055078125
12 0.85078125 0.4703125 0.021875 0.027734375
11 0.8078125 0.5609375 0.058984375 0.066015625
11 0.84375 0.49140625 0.031640625 0.073828125
11 0.82421875 0.49140625 0.04375 0.1015625
10 0.540625 0.42265625 0.068359375 0.0640625
10 0.459375 0.3203125 0.040625 0.06328125
10 0.4203125 0.37109375 0.04609375 0.035546875
11 0.4359375 0.2171875 0.05546875 0.08203125
13 0.40078125 0.2390625 0.0296875 0.034765625
11 0.42734375 0.2984375 0.029296875 0.05234375
13 0.41171875 0.31484375 0.020703125 0.026953125
3 0.39375 0.309375 0.028125 0.0359375
10 0.38671875 0.2078125 0.03125 0.025
11 0.31484375 0.440625 0.034375 0.03203125