12 0.06640625 0.51640625 0.025 0.0296875
13 0.05078125 0.6265625 0.04921875 0.0578125
11 0.1140625 0.6078125 0.0625 0.06875
11 0.0875 0.5265625 0.02265625 0.07578125
11 0.1109375 0.52578125 0.03046875 0.10546875
10 0.38203125 0.44765625 0.06875 0.05703125
10 0.46328125 0.340625 0.04140625 0.06484375
10 0.49921875 0.3859375 0.04375 0.02734375
11 0.49140625 0.23828125 0.04921875 0.07109375
11 0.49609375 0.31171875 0.03125 0.05078125
13 0.51171875 0.33203125 0.02109375 0.03046875
3 0.53359375 0.32734375 0.03046875 0.03515625
11 0.6046875 0.46484375 0.0359375 0.03359375
10 0.5375 0.22734375 0.040625 0.0328125
13 0.528125 0.2515625 0.028125 0.0375