10 0.290625 0.71015625 0.0484375 0.02578125
11 0.25 0.68984375 0.043359375 0.066796875
11 0.24765625 0.62734375 0.036328125 0.046875
13 0.2671875 0.60546875 0.021484375 0.0265625
3 0.2921875 0.5953125 0.033984375 0.030859375
6 0.25234375 0.54453125 0.038671875 0.026953125
10 0.215625 0.58984375 0.04453125 0.060546875
10 0.13125 0.4578125 0.075390625 0.059765625
6 0.06640625 0.45625 0.011328125 0.022265625
6 0.0484375 0.23203125 0.02265625 0.0296875
11 0.359375 0.45078125 0.021484375 0.030078125
12 0.96953125 0.12109375 0.0265625 0.03671875