10 0.63046875 0.75234375 0.053125 0.129296875
13 0.6171875 0.3671875 0.04140625 0.056640625
12 0.6375 0.2796875 0.01796875 0.022265625
12 0.60390625 0.2671875 0.023046875 0.015234375
11 0.61015625 0.296875 0.025 0.066015625
11 0.58984375 0.29921875 0.035546875 0.095703125
11 0.56953125 0.36171875 0.054296875 0.040625
10 0.296875 0.26171875 0.071875 0.059375
10 0.17265625 0.225 0.048046875 0.025
3 0.1421875 0.15625 0.03359375 0.03828125
13 0.16015625 0.16484375 0.0265625 0.0328125
11 0.18046875 0.153125 0.021875 0.056640625
13 0.15546875 0.0890625 0.032421875 0.03984375
10 0.12109375 0.05078125 0.035546875 0.026171875
11 0.19453125 0.06640625 0.0609375 0.089453125
10 0.2125 0.1671875 0.04375 0.065625
11 0.82734375 0.33828125 0.029296875 0.045703125
11 0.84765625 0.43359375 0.01875 0.0515625
11 0.8640625 0.4140625 0.047265625 0.121875
6 0.82578125 0.49375 0.023828125 0.033984375
12 0.80703125 0.4265625 0.0171875 0.022265625
11 0.04453125 0.296875 0.028125 0.0328125