6 0.95625 0.55703125 0.01640625 0.0203125
11 0.88984375 0.45625 0.020703125 0.046484375
11 0.9078125 0.40703125 0.033984375 0.06875
11 0.8828125 0.40703125 0.024609375 0.0421875
11 0.93984375 0.28203125 0.02421875 0.0390625
10 0.96484375 0.2375 0.028125 0.01796875
13 0.9515625 0.25390625 0.016015625 0.0265625
12 0.9046875 0.31875 0.016015625 0.018359375
6 0.84296875 0.35625 0.0171875 0.012890625
6 0.815625 0.35078125 0.033984375 0.020703125
13 0.79453125 0.403125 0.0234375 0.031640625
12 0.74921875 0.33046875 0.0171875 0.015625
6 0.76484375 0.3296875 0.0140625 0.0125
11 0.74609375 0.37265625 0.03671875 0.04453125
6 0.6609375 0.33671875 0.012890625 0.013671875
6 0.6546875 0.42890625 0.01484375 0.016796875
6 0.528125 0.48203125 0.0125 0.0171875
6 0.50390625 0.3328125 0.028125 0.016015625
13 0.515625 0.29453125 0.01796875 0.021875
3 0.5453125 0.31796875 0.024609375 0.03125
11 0.6171875 0.28125 0.043359375 0.0625
10 0.56953125 0.2890625 0.030078125 0.044140625
11 0.58203125 0.31484375 0.0328125 0.025
10 0.58046875 0.33671875 0.042578125 0.0390625
11 0.40234375 0.2296875 0.014453125 0.019140625
10 0.35 0.24765625 0.022265625 0.041796875
11 0.32109375 0.290625 0.025 0.030859375
11 0.32734375 0.29609375 0.015625 0.021875
12 0.47578125 0.2359375 0.017578125 0.016015625
11 0.93671875 0.7609375 0.0703125 0.05859375