6 0.13359375 0.53671875 0.0171875 0.0234375
6 0.1203125 0.4328125 0.01484375 0.0171875
11 0.0140625 0.49921875 0.0265625 0.05078125
12 0.00625 0.46171875 0.01171875 0.0171875
11 0.16875 0.35 0.03984375 0.07109375
10 0.2203125 0.35078125 0.0328125 0.0390625
11 0.21953125 0.37890625 0.0375 0.02421875
10 0.2125 0.4109375 0.0515625 0.04453125
6 0.2953125 0.38046875 0.0296875 0.01953125
3 0.26484375 0.36953125 0.02734375 0.03125
13 0.27578125 0.34609375 0.015625 0.0234375
6 0.26640625 0.31484375 0.01015625 0.01875
12 0.31796875 0.26875 0.01953125 0.01796875
11 0.38828125 0.25703125 0.01484375 0.0203125
10 0.4640625 0.30546875 0.02265625 0.0421875
11 0.47265625 0.32109375 0.03046875 0.02109375
11 0.475 0.33203125 0.0203125 0.0171875