11 0.06875 0.57734375 0.04453125 0.120703125
11 0.07734375 0.5484375 0.0234375 0.053125
6 0.07265625 0.4125 0.026171875 0.034765625
11 0.10859375 0.621875 0.03125 0.05078125
11 0.29375 0.64921875 0.03515625 0.0703125
11 0.3109375 0.64375 0.050390625 0.097265625
13 0.3078125 0.578125 0.03359375 0.047265625
11 0.35 0.59609375 0.05625 0.039453125
10 0.63671875 0.65390625 0.070703125 0.055078125
13 0.734375 0.79296875 0.028125 0.041796875
3 0.778125 0.75078125 0.03046875 0.04375
11 0.69375 0.79765625 0.059765625 0.084375
10 0.7078125 0.73125 0.043359375 0.062109375
11 0.73671875 0.734375 0.017578125 0.05703125
13 0.75546875 0.72890625 0.026171875 0.029296875
15 0.23203125 0.628125 0.032421875 0.028125
10 0.47109375 0.14921875 0.0546875 0.09921875
11 0.8875 0.63359375 0.024609375 0.035546875