10 0.1234375 0.94765625 0.06328125 0.10390625
13 0.05390625 0.53125 0.03359375 0.0359375
12 0.109375 0.484375 0.01875 0.025
13 0.13359375 0.57421875 0.046875 0.05546875
12 0.14921875 0.4703125 0.021875 0.02734375
11 0.1921875 0.5609375 0.05859375 0.06640625
11 0.15625 0.49140625 0.03203125 0.07421875
11 0.17578125 0.49140625 0.04375 0.1015625
10 0.459375 0.42265625 0.06796875 0.0640625
10 0.540625 0.3203125 0.040625 0.06328125
10 0.5796875 0.37109375 0.0453125 0.03515625
11 0.5640625 0.2171875 0.05546875 0.08203125
13 0.59921875 0.2390625 0.0296875 0.03515625
11 0.57265625 0.2984375 0.02890625 0.0515625
13 0.58828125 0.31484375 0.02109375 0.02734375
3 0.60625 0.309375 0.028125 0.0359375
10 0.61328125 0.2078125 0.03125 0.025
11 0.68515625 0.440625 0.034375 0.0328125