0 0.45625 0.33984375 0.01796875 0.028125
12 0.51328125 0.3796875 0.039453125 0.068359375
0 0.56875 0.48203125 0.021484375 0.0328125
16 0.59453125 0.478125 0.058203125 0.16953125
16 0.6234375 0.41640625 0.034375 0.029296875
15 0.63828125 0.40078125 0.1234375 0.17578125
6 0.65078125 0.471875 0.01796875 0.025
6 0.671875 0.521875 0.033984375 0.03125
6 0.67265625 0.54140625 0.0203125 0.0171875
6 0.69921875 0.54453125 0.039453125 0.04375
0 0.68984375 0.72734375 0.0203125 0.0265625
11 0.721875 0.83046875 0.050390625 0.1453125
13 0.596875 0.9234375 0.03828125 0.06875