10 0.96484375 0.809375 0.067578125 0.134375
16 0.93046875 0.84453125 0.070703125 0.163671875
0 0.90234375 0.9015625 0.017578125 0.02890625
11 0.71953125 0.76953125 0.0375 0.078125
13 0.67109375 0.5234375 0.0375 0.066015625
10 0.6453125 0.74296875 0.07890625 0.175
6 0.525 0.7875 0.05546875 0.128515625
1 0.5015625 0.73359375 0.024609375 0.066796875
15 0.33984375 0.6171875 0.083203125 0.14609375
10 0.21484375 0.62421875 0.079296875 0.120703125
10 0.1390625 0.74375 0.065625 0.125
13 0.21484375 0.85078125 0.05546875 0.11875