0 0.58125 0.65703125 0.0125 0.01875
11 0.52890625 0.6953125 0.06953125 0.08515625
11 0.51796875 0.6109375 0.1015625 0.058984375
11 0.4578125 0.703125 0.099609375 0.059375
11 0.41484375 0.65078125 0.10625 0.0734375
11 0.40703125 0.6171875 0.1 0.0796875
6 0.2734375 0.69765625 0.09375 0.098828125
11 0.2375 0.60625 0.0765625 0.15703125
11 0.1921875 0.60078125 0.062890625 0.13125
0 0.1984375 0.6796875 0.0125 0.016015625
0 0.1984375 0.69375 0.0125 0.01640625
11 0.15 0.71953125 0.112890625 0.0796875
6 0.1546875 0.59609375 0.02265625 0.0359375
10 0.16015625 0.62109375 0.051171875 0.0953125
12 0.14296875 0.5484375 0.0328125 0.04453125
11 0.134375 0.58984375 0.033984375 0.096875
11 0.1109375 0.5765625 0.03359375 0.09609375
12 0.1 0.5828125 0.009375 0.0265625
13 0.07734375 0.53828125 0.01171875 0.01953125
10 0.08515625 0.48046875 0.07421875 0.12265625
11 0.02421875 0.4609375 0.0296875 0.1015625
16 0.0296875 0.5203125 0.059375 0.0375
11 0.0296875 0.6453125 0.028515625 0.096875
0 0.01484375 0.65234375 0.013671875 0.0234375
0 0.0046875 0.64296875 0.008984375 0.017578125
6 0.01328125 0.60546875 0.011328125 0.019921875
11 0.034375 0.746875 0.06171875 0.11796875
11 0.0171875 0.6984375 0.033984375 0.056640625
6 0.07890625 0.7109375 0.025 0.03671875
6 0.1046875 0.38828125 0.02734375 0.045703125