11 0.4765625 0.4015625 0.1015625 0.05390625
11 0.46484375 0.31640625 0.06953125 0.0828125
11 0.5375 0.31171875 0.09609375 0.06015625
11 0.57890625 0.36171875 0.103125 0.07578125
11 0.58671875 0.39140625 0.09921875 0.07421875
6 0.715625 0.30859375 0.0828125 0.1078125
11 0.7578125 0.403125 0.07890625 0.15078125
0 0.79453125 0.3140625 0.0109375 0.01796875
0 0.79453125 0.32890625 0.01171875 0.015625
11 0.80859375 0.415625 0.0703125 0.1484375
6 0.8390625 0.41484375 0.02265625 0.03359375
10 0.8359375 0.37265625 0.04140625 0.06015625
12 0.853125 0.46015625 0.034375 0.04296875
11 0.86015625 0.42109375 0.03203125 0.0984375
11 0.8828125 0.43125 0.02890625 0.0953125
13 0.91796875 0.46953125 0.01328125 0.0203125
12 0.8953125 0.41953125 0.0078125 0.021875
11 0.971875 0.54609375 0.02734375 0.1
0 0.990625 0.36328125 0.0109375 0.01796875
0 0.9796875 0.3546875 0.0125 0.02265625
6 0.890625 0.62109375 0.02578125 0.04375
10 0.90859375 0.5296875 0.07421875 0.125
6 0.9140625 0.29609375 0.025 0.03125
11 0.95703125 0.26171875 0.06484375 0.12421875
11 0.96328125 0.36328125 0.02890625 0.10078125
11 0.98046875 0.30703125 0.0390625 0.05625
11 0.84453125 0.29140625 0.115625 0.08046875
16 0.9265625 0.4203125 0.14609375 0.19921875