0 0.54375 0.7296875 0.012109375 0.019140625
11 0.4796875 0.6796875 0.09765625 0.062890625
11 0.49609375 0.76796875 0.065625 0.085546875
11 0.42421875 0.771875 0.0953125 0.062109375
11 0.3828125 0.71953125 0.103515625 0.076171875
11 0.375 0.6859375 0.0984375 0.08203125
6 0.2375 0.76171875 0.091015625 0.1015625
11 0.19921875 0.665625 0.0765625 0.159375
0 0.15546875 0.753125 0.0109375 0.01640625
0 0.15546875 0.7375 0.0125 0.01796875
11 0.14765625 0.65078125 0.07265625 0.14609375
12 0.1015625 0.60390625 0.034765625 0.045703125
11 0.090625 0.64375 0.0375 0.0984375
11 0.06640625 0.63125 0.034375 0.09453125
0 0.05390625 0.6390625 0.0109375 0.018359375
11 0.11171875 0.775 0.1 0.078515625
16 0.046875 0.66640625 0.09375 0.138671875
6 0.02734375 0.7625 0.028125 0.033984375
10 0.040625 0.54296875 0.080859375 0.101953125
0 0.05859375 0.4328125 0.02734375 0.04765625
10 0.11796875 0.67734375 0.05234375 0.09140625