11 0.7984375 0.69765625 0.05 0.0890625
13 0.72109375 0.4765625 0.029296875 0.066015625
6 0.58515625 0.75625 0.05625 0.13125
1 0.5578125 0.7046875 0.028125 0.06484375
6 0.54453125 0.9671875 0.044921875 0.052734375
10 0.60078125 0.9609375 0.082421875 0.058984375
13 0.284375 0.8453125 0.052734375 0.1125
10 0.20390625 0.7546875 0.06640625 0.1140625
10 0.26953125 0.63046875 0.076953125 0.1140625
6 0.3921875 0.6046875 0.08125 0.1484375
0 0.953125 0.82421875 0.01328125 0.017578125
16 0.98359375 0.728125 0.0328125 0.09921875