10 0.6265625 0.659375 0.080859375 0.172265625
6 0.5125 0.7078125 0.050390625 0.119140625
1 0.48984375 0.66328125 0.026171875 0.0609375
15 0.31953125 0.5625 0.0828125 0.153125
10 0.20078125 0.590625 0.0734375 0.106640625
10 0.13203125 0.7125 0.06953125 0.1171875
13 0.21015625 0.8171875 0.045703125 0.10625
10 0.5125 0.90234375 0.068359375 0.0625
11 0.70625 0.62421875 0.04453125 0.09921875
13 0.65078125 0.4421875 0.0375 0.0671875
0 0.8796875 0.71640625 0.016015625 0.026171875
16 0.903125 0.70390625 0.062109375 0.153125
0 0.97578125 0.48125 0.0109375 0.022265625
12 0.9875 0.55390625 0.025 0.0484375
10 0.95 0.68671875 0.1 0.151953125