10 0.03515625 0.809375 0.06796875 0.134375
16 0.06953125 0.84453125 0.07109375 0.16328125
0 0.09765625 0.9015625 0.01796875 0.0296875
11 0.28046875 0.76953125 0.0375 0.078125
13 0.32890625 0.5234375 0.0375 0.06640625
10 0.3546875 0.74296875 0.07890625 0.175
6 0.475 0.7875 0.0546875 0.12890625
1 0.4984375 0.73359375 0.02421875 0.06640625
15 0.66015625 0.6171875 0.08359375 0.1453125
10 0.78515625 0.62421875 0.07890625 0.12109375
10 0.8609375 0.74375 0.065625 0.125
13 0.78515625 0.85078125 0.05546875 0.11875