11 0.2015625 0.69765625 0.05 0.0890625
13 0.27890625 0.4765625 0.02890625 0.06640625
6 0.41484375 0.75625 0.05625 0.13125
1 0.4421875 0.7046875 0.028125 0.06484375
6 0.45546875 0.9671875 0.04453125 0.05234375
10 0.39921875 0.9609375 0.08203125 0.05859375
13 0.715625 0.8453125 0.05234375 0.1125
10 0.79609375 0.7546875 0.06640625 0.1140625
10 0.73046875 0.63046875 0.07734375 0.1140625
6 0.6078125 0.6046875 0.08125 0.1484375
0 0.046875 0.82421875 0.0140625 0.01796875
16 0.01640625 0.728125 0.0328125 0.0984375