10 0.3734375 0.340625 0.080859375 0.172265625
6 0.4875 0.2921875 0.050390625 0.119140625
1 0.51015625 0.33671875 0.026171875 0.0609375
15 0.68046875 0.4375 0.0828125 0.153125
10 0.79921875 0.409375 0.0734375 0.106640625
10 0.86796875 0.2875 0.069921875 0.11796875
13 0.78984375 0.1828125 0.045703125 0.10625
10 0.4875 0.09765625 0.068359375 0.0625
11 0.29375 0.37578125 0.044140625 0.098828125
13 0.34921875 0.5578125 0.0375 0.06640625
0 0.1203125 0.28359375 0.01640625 0.02578125
16 0.096875 0.29609375 0.062109375 0.153125
0 0.02421875 0.51875 0.0109375 0.022265625
12 0.0125 0.44609375 0.025 0.0484375
10 0.05 0.31328125 0.1 0.151953125