11 0.7984375 0.30234375 0.05 0.0890625
13 0.72109375 0.5234375 0.029296875 0.066015625
6 0.58515625 0.24375 0.05625 0.13125
1 0.5578125 0.2953125 0.028125 0.065234375
6 0.54453125 0.0328125 0.04453125 0.05234375
10 0.60078125 0.0390625 0.082421875 0.058984375
13 0.284375 0.1546875 0.05234375 0.1125
10 0.20390625 0.2453125 0.066796875 0.11484375
10 0.26953125 0.36953125 0.076953125 0.1140625
6 0.3921875 0.3953125 0.08125 0.14765625
0 0.953125 0.17578125 0.0140625 0.01796875
16 0.98359375 0.271875 0.0328125 0.09921875