18 0.47421875 0.3359375 0.084375 0.1234375
18 0.7765625 0.3171875 0.0625 0.121875
18 0.90859375 0.26640625 0.0484375 0.10859375
18 0.328125 0.60390625 0.07109375 0.146875
18 0.58671875 0.46015625 0.08515625 0.1203125
18 0.91953125 0.5546875 0.07734375 0.14140625
18 0.97578125 0.9546875 0.0484375 0.08984375
18 0.84453125 0.87421875 0.05390625 0.06328125
18 0.8109375 0.9546875 0.05390625 0.08671875
18 0.71953125 0.8625 0.07578125 0.0796875
18 0.68515625 0.971875 0.0640625 0.05546875
18 0.38984375 0.96015625 0.07109375 0.07890625