18 0.440625 0.8921875 0.01640625 0.05390625
18 0.45234375 0.8546875 0.0203125 0.0296875
18 0.47265625 0.8203125 0.0296875 0.0234375
18 0.4515625 0.75859375 0.01640625 0.03359375
18 0.44140625 0.6875 0.0109375 0.0375
18 0.32578125 0.728125 0.01875 0.025
18 0.4734375 0.734375 0.021875 0.028125
18 0.50390625 0.74453125 0.02265625 0.04296875
18 0.56328125 0.7 0.01796875 0.03984375
18 0.559375 0.64453125 0.01171875 0.040625
18 0.53125 0.65859375 0.021875 0.0375
18 0.58203125 0.64296875 0.0109375 0.01328125
18 0.58515625 0.65625 0.01875 0.0109375
18 0.59140625 0.6671875 0.01796875 0.01640625
18 0.61171875 0.6359375 0.0125 0.01640625
18 0.61640625 0.6453125 0.00703125 0.0203125
18 0.6703125 0.64609375 0.01171875 0.02421875
18 0.596875 0.58359375 0.02109375 0.0328125
18 0.60078125 0.5734375 0.0140625 0.01796875
18 0.6 0.55625 0.0125 0.02265625
18 0.63828125 0.565625 0.0203125 0.01328125
18 0.64296875 0.5734375 0.0109375 0.0203125
18 0.64375 0.55703125 0.0078125 0.0171875
18 0.6546875 0.5453125 0.015625 0.0078125
18 0.64921875 0.534375 0.02265625 0.01875
18 0.65703125 0.5234375 0.015625 0.0125
18 0.68828125 0.56875 0.0140625 0.01875
18 0.6890625 0.5796875 0.01953125 0.009375
18 0.684375 0.60390625 0.0171875 0.00625
18 0.68125 0.615625 0.0109375 0.0171875
18 0.63359375 0.4984375 0.01171875 0.02890625
18 0.6578125 0.496875 0.01875 0.01171875
18 0.66015625 0.4828125 0.0140625 0.01796875
18 0.6640625 0.47890625 0.01171875 0.0265625
18 0.63671875 0.45 0.01484375 0.02109375
18 0.58125 0.43828125 0.03046875 0.03671875
18 0.71171875 0.44765625 0.02890625 0.02265625
18 0.7296875 0.484375 0.015625 0.02109375
18 0.7984375 0.45390625 0.0140625 0.0234375
18 0.7234375 0.396875 0.0140625 0.0109375
18 0.728125 0.40234375 0.0234375 0.01953125
18 0.6890625 0.3421875 0.021875 0.009375
18 0.72421875 0.3421875 0.02265625 0.01875
18 0.72578125 0.32890625 0.0171875 0.01640625
18 0.7453125 0.33671875 0.01328125 0.01953125
18 0.76796875 0.35703125 0.01640625 0.01484375
18 0.7765625 0.2890625 0.015625 0.01640625
18 0.78515625 0.2984375 0.01328125 0.01640625
18 0.79296875 0.26015625 0.009375 0.02265625
18 0.79921875 0.26328125 0.01015625 0.01796875
18 0.91875 0.2 0.00625 0.01171875
18 0.98671875 0.17265625 0.00859375 0.01171875
18 0.9484375 0.134375 0.0109375 0.01328125
18 0.9234375 0.12578125 0.009375 0.01171875
18 0.91171875 0.14375 0.00625 0.0125
18 0.88828125 0.14296875 0.0140625 0.01328125
18 0.88984375 0.05 0.0109375 0.00625
18 0.915625 0.040625 0.0140625 0.0078125
18 0.925 0.02421875 0.01015625 0.0109375
18 0.940625 0.0125 0.00859375 0.0078125
18 0.93359375 0.03359375 0.00625 0.0125