9 0.65390625 0.28828125 0.0484375 0.0625
8 0.95546875 0.18671875 0.010546875 0.017578125
8 0.98203125 0.33515625 0.019921875 0.020703125
8 0.92734375 0.325 0.0078125 0.02421875
8 0.82890625 0.33203125 0.01953125 0.0234375
7 0.87890625 0.3671875 0.0125 0.019140625
8 0.88984375 0.6984375 0.029296875 0.028125
8 0.80625 0.7328125 0.0265625 0.04140625
8 0.70546875 0.75390625 0.019921875 0.035546875
8 0.71328125 0.81875 0.021875 0.021875
8 0.6859375 0.815625 0.0375 0.0296875
8 0.60703125 0.9125 0.034375 0.043359375
9 0.359375 0.940625 0.03671875 0.0625
9 0.23828125 0.89453125 0.057421875 0.1109375
9 0.47109375 0.53828125 0.044921875 0.063671875
9 0.53203125 0.41875 0.048046875 0.050390625
9 0.578125 0.5125 0.034765625 0.047265625
9 0.63828125 0.50234375 0.098046875 0.117578125
9 0.36484375 0.38515625 0.0375 0.0484375
9 0.2859375 0.36953125 0.049609375 0.061328125
9 0.2390625 0.425 0.044140625 0.05625