8 0.99375 0.04921875 0.0125 0.01484375
8 0.89296875 0.12578125 0.02421875 0.01328125
8 0.903125 0.18984375 0.02734375 0.01484375
8 0.8625 0.165625 0.02265625 0.0140625
8 0.8375 0.159375 0.0203125 0.0109375
8 0.828125 0.165625 0.0171875 0.01171875
8 0.90859375 0.409375 0.03359375 0.015625
8 0.72890625 0.3109375 0.02734375 0.015625
8 0.50703125 0.71171875 0.05625 0.04765625
8 0.31328125 0.37421875 0.03046875 0.028125
8 0.3015625 0.45 0.02890625 0.03359375
8 0.32578125 0.48125 0.0359375 0.03359375
8 0.28828125 0.46796875 0.046875 0.046875
8 0.26484375 0.44140625 0.02734375 0.03046875
8 0.1625 0.309375 0.04296875 0.0234375
8 0.17265625 0.2640625 0.01484375 0.0265625
8 0.29296875 0.15703125 0.0078125 0.02265625
7 0.64453125 0.06953125 0.0234375 0.0109375
8 0.3921875 0.0890625 0.015625 0.0125
8 0.32265625 0.06640625 0.025 0.01796875
8 0.2859375 0.15625 0.0078125 0.02109375