9 0.5953125 0.021875 0.0203125 0.0265625
9 0.62578125 0.04765625 0.02734375 0.046875
9 0.734375 0.0484375 0.03359375 0.03828125
8 0.42578125 0.0078125 0.0140625 0.01171875
10 0.37265625 0.00390625 0.009375 0.00703125
9 0.37578125 0.09609375 0.05703125 0.0578125
9 0.4046875 0.12890625 0.02265625 0.0265625
9 0.3875 0.1609375 0.03046875 0.046875
9 0.36328125 0.16171875 0.03203125 0.0359375
9 0.46328125 0.1265625 0.03203125 0.040625
9 0.4921875 0.23828125 0.03828125 0.0421875
9 0.58828125 0.1734375 0.03671875 0.03359375
9 0.64609375 0.240625 0.03359375 0.040625
9 0.54453125 0.23671875 0.03046875 0.0390625
9 0.56796875 0.28125 0.0421875 0.0484375
9 0.18828125 0.22265625 0.03359375 0.05625
9 0.178125 0.1046875 0.01328125 0.0109375
8 0.1859375 0.134375 0.00703125 0.01640625
8 0.11640625 0.11484375 0.0171875 0.01328125
8 0.08984375 0.096875 0.00703125 0.01796875
9 0.40625 0.1015625 0.01875 0.01640625