8 0.7390625 0.6359375 0.00859375 0.025
8 0.23515625 0.03359375 0.014453125 0.051171875
8 0.1984375 0.31796875 0.021875 0.0265625
8 0.22578125 0.32890625 0.023046875 0.014453125
8 0.246875 0.32890625 0.01953125 0.020703125
8 0.26875 0.32265625 0.025 0.014453125
8 0.240625 0.428125 0.02578125 0.022265625
8 0.4484375 0.46875 0.012109375 0.025390625
8 0.52578125 0.37890625 0.009375 0.0265625
8 0.19375 0.51953125 0.01875 0.013671875
8 0.271875 0.7375 0.016015625 0.015234375
8 0.51171875 0.65546875 0.011328125 0.015625
8 0.51796875 0.64609375 0.0078125 0.01796875
8 0.5125 0.628125 0.01328125 0.016015625
8 0.509375 0.61328125 0.01171875 0.021875
8 0.50390625 0.59765625 0.016796875 0.014453125
8 0.49765625 0.85078125 0.013671875 0.0203125
8 0.3375 0.8890625 0.019140625 0.0125
8 0.38203125 0.8953125 0.0125 0.0078125
8 0.40703125 0.9296875 0.014453125 0.009765625
8 0.340625 0.8953125 0.016015625 0.00625
8 0.27265625 0.74296875 0.015625 0.01328125
8 0.16171875 0.27890625 0.029296875 0.041796875