8 0.60234375 0.90234375 0.026171875 0.020703125
8 0.7328125 0.83125 0.03203125 0.0234375
8 0.725 0.8171875 0.02890625 0.0203125
8 0.71015625 0.78984375 0.0265625 0.01875
8 0.6953125 0.7140625 0.0296875 0.01796875
8 0.771875 0.790625 0.027734375 0.015234375
8 0.87578125 0.665625 0.029296875 0.01328125
8 0.8171875 0.61484375 0.044140625 0.026171875
8 0.82421875 0.484375 0.028125 0.0375
8 0.68984375 0.48828125 0.021875 0.033203125
8 0.52578125 0.56796875 0.030078125 0.015625
8 0.49921875 0.3484375 0.0421875 0.03515625
8 0.34453125 0.703125 0.026953125 0.01328125
8 0.209375 0.39453125 0.033984375 0.0390625
8 0.27421875 0.53671875 0.028125 0.034375
8 0.36796875 0.48984375 0.016796875 0.0390625
8 0.37265625 0.43359375 0.029296875 0.0203125
8 0.83515625 0.4859375 0.029296875 0.037109375
8 0.375 0.45234375 0.021484375 0.030078125