9 0.4046875 0.021875 0.02109375 0.02578125
9 0.37421875 0.04765625 0.026953125 0.046875
9 0.265625 0.0484375 0.033984375 0.037890625
8 0.57421875 0.0078125 0.0140625 0.012109375
10 0.62734375 0.00390625 0.009375 0.007421875
9 0.62421875 0.09609375 0.05703125 0.0578125
9 0.5953125 0.12890625 0.022265625 0.0265625
9 0.6125 0.1609375 0.030859375 0.046875
9 0.63671875 0.16171875 0.032421875 0.0359375
9 0.53671875 0.1265625 0.032421875 0.040625
9 0.5078125 0.23828125 0.037890625 0.0421875
9 0.41171875 0.1734375 0.036328125 0.033984375
9 0.35390625 0.240625 0.033203125 0.040625
9 0.45546875 0.23671875 0.030078125 0.0390625
9 0.43203125 0.28125 0.0421875 0.04921875
9 0.81171875 0.22265625 0.033203125 0.05625
9 0.821875 0.1046875 0.012890625 0.01015625
8 0.8140625 0.134375 0.006640625 0.016015625
8 0.88359375 0.11484375 0.0171875 0.013671875
8 0.91015625 0.096875 0.007421875 0.018359375
9 0.59375 0.1015625 0.01875 0.016015625