8 0.7609375 0.79296875 0.06015625 0.04921875
8 0.64296875 0.45390625 0.02890625 0.04140625
8 0.62421875 0.4125 0.02109375 0.040625
8 0.61015625 0.42265625 0.040625 0.05078125
8 0.59453125 0.38671875 0.02109375 0.03203125
8 0.65078125 0.34453125 0.02578125 0.034375
8 0.53671875 0.22890625 0.034375 0.025
8 0.55078125 0.1953125 0.01171875 0.02265625
8 0.67109375 0.13125 0.009375 0.0203125
8 0.72734375 0.0609375 0.025 0.0171875
8 0.7875 0.09921875 0.01640625 0.01171875
8 0.678125 0.1328125 0.009375 0.02265625