9 0.46015625 0.959375 0.019921875 0.040234375
8 0.36640625 0.91171875 0.009375 0.026953125
9 0.36796875 0.815625 0.039453125 0.062890625
9 0.48125 0.83515625 0.040625 0.0640625
9 0.40390625 0.7703125 0.0296875 0.055859375
9 0.41171875 0.7015625 0.0453125 0.06953125
9 0.44609375 0.70546875 0.046875 0.073046875
9 0.3421875 0.52109375 0.053125 0.076953125
9 0.33828125 0.46328125 0.03125 0.0546875
8 0.2484375 0.346875 0.02109375 0.033984375
9 0.34453125 0.184375 0.038671875 0.087109375
9 0.37734375 0.1921875 0.0453125 0.08515625
8 0.36875 0.12265625 0.01171875 0.0390625
8 0.25 0.36328125 0.01953125 0.044921875