8 0.1828125 0.78125 0.028125 0.0375
8 0.16328125 0.7734375 0.0140625 0.03359375
8 0.20625 0.75625 0.0171875 0.0109375
8 0.203125 0.72890625 0.012890625 0.030078125
8 0.146875 0.65234375 0.02578125 0.0234375
8 0.09296875 0.56171875 0.015625 0.038671875
8 0.17890625 0.89609375 0.013671875 0.0375
9 0.1953125 0.97109375 0.03515625 0.0359375
9 0.2734375 0.99609375 0.018359375 0.0078125
9 0.43203125 0.91875 0.025 0.065234375
9 0.39140625 0.96015625 0.0546875 0.066796875
9 0.61640625 0.878125 0.0375 0.059375
9 0.2828125 0.74375 0.030859375 0.047265625
9 0.19921875 0.54140625 0.0640625 0.092578125
9 0.3796875 0.41171875 0.1015625 0.1171875
9 0.42890625 0.315625 0.02734375 0.0421875
9 0.3515625 0.3375 0.034375 0.04921875
7 0.2609375 0.34375 0.022265625 0.01953125
8 0.3078125 0.23046875 0.025 0.01484375
9 0.24609375 0.21328125 0.0140625 0.03125
8 0.23203125 0.06953125 0.015625 0.036328125
8 0.17890625 0.00390625 0.026953125 0.0078125
9 0.353125 0.190625 0.022265625 0.058984375
9 0.37421875 0.20703125 0.035546875 0.0734375
9 0.43125 0.0375 0.0640625 0.075