18 0.47421875 0.3359375 0.084375 0.1234375
18 0.7765625 0.3171875 0.0625 0.121875
18 0.90859375 0.26640625 0.0484375 0.108203125
18 0.328125 0.60390625 0.071484375 0.146875
18 0.58671875 0.46015625 0.08515625 0.1203125
18 0.91953125 0.5546875 0.07734375 0.14140625
18 0.97578125 0.9546875 0.0484375 0.090234375
18 0.84453125 0.87421875 0.054296875 0.063671875
18 0.8109375 0.9546875 0.053515625 0.087109375
18 0.71953125 0.8625 0.076171875 0.08046875
18 0.68515625 0.971875 0.0640625 0.055859375
18 0.38984375 0.96015625 0.070703125 0.079296875