8 0.71875 0.97109375 0.0140625 0.03359375
8 0.6875 0.61875 0.03125 0.0375
8 0.6890625 0.50703125 0.01796875 0.01953125
8 0.7015625 0.403125 0.0140625 0.009375
8 0.60859375 0.3984375 0.00859375 0.015625
8 0.74921875 0.409375 0.0046875 0.01640625
8 0.62265625 0.53515625 0.034375 0.03828125
8 0.60625 0.55546875 0.03125 0.0390625
8 0.6375 0.571875 0.03125 0.040625
8 0.61875 0.625 0.03125 0.02890625
8 0.64921875 0.71328125 0.0171875 0.034375
8 0.66015625 0.43203125 0.0265625 0.034375
8 0.6359375 0.403125 0.01953125 0.028125
8 0.64140625 0.35234375 0.02421875 0.0375
8 0.61875 0.3453125 0.02734375 0.0390625
8 0.65859375 0.284375 0.0125 0.02734375
8 0.7265625 0.2796875 0.02265625 0.01796875
8 0.57578125 0.21328125 0.015625 0.03203125
8 0.5515625 0.0484375 0.00703125 0.00859375
7 0.503125 0.11328125 0.01015625 0.0078125
8 0.39453125 0.07578125 0.01484375 0.00859375
7 0.42265625 0.07109375 0.009375 0.009375
7 0.4265625 0.06015625 0.00625 0.00703125
8 0.375 0.040625 0.00390625 0.00703125
8 0.38125 0.00625 0.00546875 0.00546875
8 0.3875 0.01640625 0.00703125 0.00703125
8 0.3875 0.02265625 0.00703125 0.00625
8 0.365625 0.0390625 0.0046875 0.00703125
8 0.340625 0.06171875 0.0046875 0.00625
8 0.334375 0.05625 0.00625 0.00625
7 0.328125 0.0578125 0.00625 0.00625
8 0.29609375 0.0078125 0.00703125 0.00546875
8 0.28671875 0.00859375 0.0046875 0.0109375
8 0.69765625 0.509375 0.0125 0.0171875
8 0.38515625 0.00625 0.00234375 0.0078125