8 0.93671875 0.9296875 0.0328125 0.04609375
8 0.8875 0.75078125 0.03125 0.05078125
8 0.89609375 0.596875 0.04453125 0.05
8 0.91875 0.609375 0.03203125 0.034375
8 0.90859375 0.56640625 0.03203125 0.04296875
8 0.88125 0.5140625 0.04375 0.05
8 0.846875 0.55546875 0.04609375 0.0390625
8 0.834375 0.4828125 0.02734375 0.03359375
8 0.79140625 0.5671875 0.03046875 0.03984375
8 0.78671875 0.453125 0.0359375 0.03125
8 0.74921875 0.48515625 0.021875 0.03515625
8 0.6890625 0.41015625 0.0328125 0.01484375
8 0.628125 0.48828125 0.015625 0.03046875
8 0.2171875 0.540625 0.02109375 0.040625
8 0.4109375 0.37578125 0.02109375 0.015625
8 0.4484375 0.43671875 0.02578125 0.02265625
8 0.5265625 0.41171875 0.02109375 0.03359375
8 0.56953125 0.4171875 0.02578125 0.0171875
8 0.5625 0.38203125 0.0296875 0.03359375
8 0.60390625 0.4 0.02734375 0.01328125
8 0.62109375 0.246875 0.00859375 0.02265625
8 0.52265625 0.2296875 0.025 0.01640625
8 0.51171875 0.1796875 0.0125 0.02734375
8 0.4578125 0.2140625 0.00703125 0.021875
9 0.67890625 0.0765625 0.0140625 0.01484375
8 0.3859375 0.26796875 0.01796875 0.01953125
8 0.2890625 0.27109375 0.02265625 0.02109375
8 0.15390625 0.1921875 0.01953125 0.015625
8 0.35859375 0.09609375 0.01328125 0.01953125
8 0.434375 0.05546875 0.015625 0.01328125
8 0.3421875 0.03984375 0.0109375 0.01875
8 0.3484375 0.01484375 0.0109375 0.01640625
8 0.334375 0.00703125 0.0125 0.01328125
2 0.83984375 0.540625 0.0203125 0.01796875
8 0.88203125 0.5015625 0.0328125 0.03203125
8 0.565625 0.403125 0.03125 0.01875
8 0.403125 0.3578125 0.0109375 0.02109375
8 0.40859375 0.3625 0.009375 0.0234375
8 0.39375 0.2640625 0.01015625 0.0234375
8 0.4640625 0.215625 0.00703125 0.0234375
8 0.53046875 0.22578125 0.02109375 0.01484375