18 0.7171875 0.98671875 0.02109375 0.0265625
18 0.69140625 0.54140625 0.030078125 0.033203125
18 0.70078125 0.425 0.0171875 0.01796875
18 0.7453125 0.4296875 0.00859375 0.019140625
18 0.7234375 0.3 0.025390625 0.025
18 0.66875 0.31015625 0.016015625 0.032421875
18 0.61484375 0.378125 0.028125 0.04296875
18 0.63671875 0.378125 0.028125 0.04296875
18 0.60703125 0.4234375 0.011328125 0.021875
18 0.6296875 0.446875 0.01953125 0.0390625
18 0.65859375 0.471875 0.028125 0.046875
18 0.61640625 0.5734375 0.041796875 0.03515625
18 0.603125 0.6015625 0.034765625 0.046875
18 0.634375 0.61171875 0.03046875 0.041796875
18 0.67734375 0.66171875 0.030078125 0.042578125
18 0.60859375 0.6640625 0.034375 0.034375
18 0.58359375 0.2375 0.0296875 0.03203125
18 0.653125 0.3078125 0.00859375 0.0140625
18 0.55234375 0.065625 0.009375 0.01328125
18 0.50546875 0.13359375 0.0109375 0.010546875
18 0.4296875 0.07734375 0.009375 0.007421875
18 0.42421875 0.0890625 0.0125 0.01484375
18 0.39765625 0.09375 0.016796875 0.012109375
18 0.3796875 0.05859375 0.00390625 0.009375
18 0.3703125 0.05625 0.00390625 0.00703125
18 0.3859375 0.0234375 0.00859375 0.009375
18 0.390625 0.03359375 0.009375 0.0078125
18 0.38984375 0.03984375 0.009375 0.007421875
18 0.3421875 0.075 0.0125 0.01328125
18 0.33125 0.07265625 0.01171875 0.00625
18 0.33046875 0.0125 0.005078125 0.00546875
18 0.33671875 0.00625 0.008203125 0.008984375
18 0.34375 0.00703125 0.00625 0.011328125
18 0.3109375 0.00859375 0.01015625 0.015625
18 0.30078125 0.02265625 0.0078125 0.013671875
18 0.290625 0.028125 0.009375 0.01328125
18 0.6375 0.75859375 0.024609375 0.038671875