9 0.33984375 0.2171875 0.0953125 0.10078125
9 0.4421875 0.38984375 0.05234375 0.0765625
9 0.5984375 0.62734375 0.02890625 0.03984375
9 0.64296875 0.8484375 0.0453125 0.08046875
9 0.42578125 0.60625 0.01640625 0.02421875
9 0.4125 0.78359375 0.03046875 0.06484375
9 0.35234375 0.6515625 0.03984375 0.096875
9 0.29140625 0.509375 0.04140625 0.0609375
9 0.3203125 0.48359375 0.05078125 0.06953125
9 0.20859375 0.6578125 0.0359375 0.04296875
9 0.11328125 0.7390625 0.046875 0.05234375
8 0.0921875 0.85 0.01796875 0.05390625