18 0.284375 0.13828125 0.0109375 0.01953125
18 0.28125 0.18125 0.0234375 0.03671875
18 0.31015625 0.5671875 0.017578125 0.046875
18 0.50625 0.92578125 0.04453125 0.061328125
18 0.421875 0.8953125 0.03125 0.06953125
18 0.20234375 0.24921875 0.03125 0.0875
18 0.25703125 0.21953125 0.02578125 0.06328125
18 0.21484375 0.2953125 0.021875 0.04609375
18 0.25703125 0.3703125 0.028125 0.0328125
18 0.365625 0.97890625 0.027734375 0.0421875
18 0.26796875 0.8875 0.044921875 0.04453125
18 0.32265625 0.9515625 0.0453125 0.06640625
18 0.2796875 0.9453125 0.021875 0.05625
18 0.25703125 0.92265625 0.0359375 0.060546875
18 0.2578125 0.84296875 0.04609375 0.063671875
18 0.2421875 0.79140625 0.040234375 0.058203125
18 0.209375 0.79609375 0.0390625 0.05234375
18 0.2546875 0.55859375 0.04140625 0.0453125
18 0.07734375 0.57265625 0.048828125 0.04375
18 0.0265625 0.6 0.053125 0.05546875
18 0.0140625 0.46015625 0.028125 0.0671875
18 0.0375 0.46953125 0.025390625 0.0421875
18 0.2125 0.57421875 0.025390625 0.038671875
18 0.303125 0.46171875 0.02421875 0.025
18 0.24375 0.46640625 0.03671875 0.051171875
18 0.21796875 0.4703125 0.039453125 0.041015625
18 0.25 0.49140625 0.04296875 0.048046875
18 0.2140625 0.3703125 0.03359375 0.065625