9 0.61015625 0.73359375 0.03125 0.026171875
9 0.8140625 0.81484375 0.034375 0.05
9 0.86640625 0.903125 0.05625 0.056640625
9 0.8890625 0.75703125 0.022265625 0.0296875
9 0.79375 0.77109375 0.0125 0.016796875
9 0.834375 0.53203125 0.031640625 0.044921875
9 0.79140625 0.4703125 0.057421875 0.077734375
8 0.94375 0.42109375 0.01796875 0.016796875
8 0.93828125 0.4 0.007421875 0.028515625
9 0.96875 0.43515625 0.03046875 0.0203125
10 0.98671875 0.41796875 0.0234375 0.0171875
8 0.99375 0.5125 0.0125 0.03125
9 0.9859375 0.575 0.028125 0.0375
8 0.984375 0.3046875 0.025390625 0.027734375
10 0.8078125 0.1328125 0.022265625 0.02734375
8 0.73671875 0.07109375 0.02421875 0.0265625
9 0.79375 0.01328125 0.018359375 0.026171875
9 0.67421875 0.078125 0.0390625 0.03984375
9 0.60546875 0.04375 0.042578125 0.0875
9 0.484375 0.21171875 0.03125 0.030078125
9 0.43203125 0.275 0.036328125 0.062109375
9 0.421875 0.04765625 0.090625 0.0953125
9 0.61796875 0.246875 0.04375 0.053125
9 0.73359375 0.2953125 0.09375 0.11796875
9 0.690625 0.27890625 0.021875 0.03671875
9 0.684375 0.23125 0.031640625 0.050390625