18 0.19609375 0.12109375 0.085546875 0.107421875
18 0.22265625 0.1953125 0.034375 0.05390625
18 0.4125 0.115625 0.03984375 0.03828125
18 0.33125 0.4828125 0.019140625 0.034375
18 0.38515625 0.56171875 0.026171875 0.034375
18 0.309375 0.62421875 0.028515625 0.070703125
18 0.2546875 0.4875 0.03125 0.065625
18 0.1765625 0.5890625 0.028125 0.065625
18 0.18828125 0.5125 0.026953125 0.06328125
18 0.17421875 0.52578125 0.029296875 0.0765625
18 0.17734375 0.46640625 0.025 0.01484375
18 0.22109375 0.496875 0.015625 0.027734375
18 0.20859375 0.40546875 0.038671875 0.034375
18 0.1546875 0.3359375 0.0171875 0.0453125
18 0.16640625 0.2125 0.039453125 0.050390625
18 0.20859375 0.3015625 0.0453125 0.047265625
18 0.1765625 0.42578125 0.03984375 0.046875
18 0.15859375 0.44453125 0.017578125 0.0328125
18 0.1734375 0.39921875 0.01484375 0.026171875
18 0.2875 0.64609375 0.016015625 0.028125
18 0.2578125 0.69609375 0.0125 0.021875
18 0.23671875 0.7015625 0.0125 0.01796875
18 0.309375 0.68828125 0.02421875 0.03125
18 0.30703125 0.715625 0.007421875 0.0125
18 0.2875 0.74765625 0.028515625 0.04375
18 0.29765625 0.93125 0.016796875 0.03203125
18 0.28046875 0.92421875 0.011328125 0.017578125
18 0.26875 0.90390625 0.01640625 0.01953125
18 0.2546875 0.9 0.0125 0.025
18 0.26640625 0.89609375 0.009375 0.016796875
18 0.25625 0.959375 0.015234375 0.025390625
18 0.27734375 0.96875 0.0203125 0.027734375
18 0.3015625 0.990625 0.025390625 0.016015625
18 0.353125 0.99296875 0.0234375 0.0140625
18 0.28828125 0.66796875 0.0125 0.009375
18 0.26015625 0.66640625 0.00625 0.010546875
18 0.23828125 0.90234375 0.009375 0.0078125
18 0.21171875 0.896875 0.007421875 0.006640625
18 0.28984375 0.9515625 0.007421875 0.00859375