18 0.065625 0.2234375 0.01015625 0.01015625
18 0.065625 0.2453125 0.01171875 0.015625
18 0.0796875 0.246875 0.01328125 0.00625
18 0.07734375 0.2671875 0.0140625 0.009375
18 0.0734375 0.2984375 0.0046875 0.0140625
18 0.196875 0.31171875 0.0125 0.01171875
18 0.17734375 0.32421875 0.009375 0.009375
18 0.1890625 0.346875 0.01328125 0.00546875
18 0.1765625 0.36953125 0.0140625 0.0109375
18 0.265625 0.303125 0.0078125 0.0140625
18 0.2484375 0.384375 0.01484375 0.01796875
18 0.3328125 0.46796875 0.00546875 0.01171875
18 0.33359375 0.5265625 0.01015625 0.0140625
18 0.43125 0.50078125 0.01171875 0.01484375
18 0.26796875 0.53203125 0.01328125 0.00546875
18 0.28046875 0.53515625 0.01171875 0.01328125
18 0.2640625 0.5390625 0.015625 0.01015625
18 0.321875 0.58203125 0.01015625 0.01328125
18 0.303125 0.609375 0.01328125 0.00859375
18 0.3 0.615625 0.01640625 0.0109375
18 0.28203125 0.61640625 0.0140625 0.0125
18 0.34140625 0.68828125 0.02109375 0.02421875
18 0.28515625 0.72109375 0.0046875 0.02578125
18 0.40078125 0.6515625 0.01953125 0.01953125
18 0.4359375 0.6828125 0.015625 0.01640625
18 0.346875 0.715625 0.0140625 0.01640625
18 0.38359375 0.7671875 0.01796875 0.01875
18 0.34453125 0.93515625 0.03359375 0.0421875
18 0.3890625 0.86640625 0.02734375 0.02265625
18 0.478125 0.94921875 0.01953125 0.0390625
18 0.49140625 0.98984375 0.009375 0.0203125
18 0.50390625 0.984375 0.0171875 0.03046875
18 0.5140625 0.92578125 0.01015625 0.03125
18 0.55703125 0.9515625 0.01328125 0.028125
18 0.58125 0.9390625 0.01484375 0.02421875
18 0.496875 0.88828125 0.01015625 0.01875
18 0.5078125 0.8859375 0.01171875 0.0296875
18 0.47890625 0.865625 0.01796875 0.01328125
18 0.49375 0.8375 0.01953125 0.01484375
18 0.51015625 0.84453125 0.01328125 0.0140625
18 0.51953125 0.80390625 0.01875 0.01796875
18 0.56015625 0.7921875 0.015625 0.015625
18 0.6109375 0.78671875 0.015625 0.0140625
18 0.553125 0.7734375 0.00703125 0.01640625
18 0.54140625 0.75625 0.01484375 0.01796875
18 0.528125 0.75234375 0.0203125 0.01015625
18 0.50859375 0.7671875 0.01875 0.01171875
18 0.49140625 0.77578125 0.01796875 0.01015625
18 0.46796875 0.778125 0.01484375 0.01015625
18 0.453125 0.78671875 0.01875 0.02109375
18 0.453125 0.7984375 0.01640625 0.015625
18 0.45625 0.775 0.0109375 0.021875
18 0.4453125 0.75703125 0.0125 0.02265625
18 0.4328125 0.75078125 0.0125 0.0234375
18 0.4265625 0.75625 0.0125 0.02109375
18 0.496875 0.68984375 0.025 0.02109375