8 0.8234375 0.7328125 0.015625 0.02734375
8 0.83515625 0.68515625 0.04296875 0.028125
8 0.68359375 0.62265625 0.0328125 0.03125
8 0.73203125 0.559375 0.026953125 0.03046875
8 0.70859375 0.53203125 0.045703125 0.048046875
8 0.69453125 0.54921875 0.026953125 0.0328125
8 0.67109375 0.51875 0.036328125 0.03203125
8 0.48515625 0.29375 0.057421875 0.044140625
8 0.27109375 0.6875 0.028125 0.0171875
8 0.70390625 0.84140625 0.007421875 0.023046875
8 0.67578125 0.93046875 0.025 0.013671875
8 0.60234375 0.9078125 0.016796875 0.01015625
10 0.35546875 0.9296875 0.023046875 0.012109375
8 0.175 0.83515625 0.019140625 0.011328125
8 0.16328125 0.84140625 0.019921875 0.0125
8 0.13984375 0.834375 0.0234375 0.015625
8 0.109375 0.87421875 0.02421875 0.0140625
8 0.00625 0.95 0.0125 0.0125
8 0.09921875 0.8109375 0.028125 0.0140625
8 0.08984375 0.584375 0.034375 0.018359375
8 0.671875 0.934375 0.01953125 0.008984375
8 0.7109375 0.84140625 0.006640625 0.020703125