8 0.14140625 0.2109375 0.00390625 0.00625
8 0.203125 0.2984375 0.00703125 0.00625
8 0.03125 0.24296875 0.00859375 0.00546875
8 0.01953125 0.26875 0.00703125 0.00625
9 0.01171875 0.2515625 0.0046875 0.0046875
8 0.0015625 0.28203125 0.003125 0.0046875
8 0.04453125 0.3 0.00625 0.00625
8 0.10703125 0.29609375 0.00703125 0.00859375
10 0.1046875 0.34453125 0.01015625 0.00703125
8 0.034375 0.36796875 0.009375 0.009375
8 0.0515625 0.3828125 0.00703125 0.00703125
8 0.01484375 0.421875 0.01015625 0.00546875
8 0.03359375 0.37421875 0.00859375 0.00625
8 0.184375 0.428125 0.00625 0.01328125
8 0.096875 0.4453125 0.0109375 0.00859375
8 0.075 0.4765625 0.00859375 0.0078125
10 0.0125 0.478125 0.01328125 0.01015625
8 0.00859375 0.48515625 0.0109375 0.00703125
8 0.0203125 0.51640625 0.0109375 0.009375
8 0.0203125 0.53359375 0.0125 0.01015625
8 0.0015625 0.62265625 0.003125 0.0140625
8 0.0140625 0.69140625 0.00859375 0.0125
8 0.01328125 0.72734375 0.01484375 0.0171875
10 0.00390625 0.73515625 0.00703125 0.0125
8 0.028125 0.66171875 0.00625 0.01875
8 0.03125 0.65546875 0.00390625 0.009375
8 0.03515625 0.6515625 0.00703125 0.0171875
8 0.03984375 0.64375 0.0109375 0.00625
8 0.05390625 0.659375 0.0078125 0.0203125
8 0.096875 0.590625 0.00625 0.01328125
8 0.11875 0.571875 0.0078125 0.00859375
8 0.15 0.54453125 0.0078125 0.00859375
8 0.17890625 0.58125 0.009375 0.00625
8 0.0625 0.57578125 0.00390625 0.01171875
8 0.0609375 0.56875 0.00703125 0.0125
8 0.06640625 0.56328125 0.0046875 0.01171875
8 0.09921875 0.55703125 0.00625 0.0140625
8 0.1109375 0.534375 0.01015625 0.00625
8 0.10703125 0.51640625 0.0078125 0.00703125
8 0.1 0.52734375 0.0109375 0.00546875
8 0.09453125 0.5234375 0.01015625 0.0046875
8 0.0890625 0.51328125 0.009375 0.00546875
8 0.0828125 0.51171875 0.0109375 0.00625
8 0.07890625 0.49921875 0.00859375 0.01328125
8 0.07578125 0.503125 0.00625 0.01015625
8 0.06953125 0.5046875 0.01015625 0.0078125
8 0.07109375 0.50859375 0.01171875 0.00625
8 0.0640625 0.51015625 0.0078125 0.0078125
8 0.015625 0.83671875 0.02109375 0.01953125
8 0.0125 0.93359375 0.00703125 0.021875
8 0.23125 0.90625 0.01640625 0.0140625
8 0.4265625 0.696875 0.0109375 0.0125
8 0.38828125 0.853125 0.01328125 0.0125
8 0.3984375 0.90859375 0.009375 0.0203125
8 0.378125 0.90078125 0.01171875 0.009375
8 0.36796875 0.9125 0.0109375 0.01171875
8 0.3625 0.9234375 0.00625 0.01953125
8 0.0390625 0.3671875 0.00546875 0.00625
8 0.0140625 0.425 0.01015625 0.0046875
8 0.10703125 0.5203125 0.009375 0.009375