9 0.34140625 0.76875 0.094921875 0.103515625
9 0.44296875 0.5953125 0.0515625 0.078515625
9 0.5984375 0.35703125 0.028125 0.041796875
9 0.6375 0.13125 0.046875 0.08203125
9 0.4234375 0.37109375 0.016015625 0.0234375
9 0.40546875 0.19296875 0.02890625 0.06640625
9 0.36015625 0.284375 0.041796875 0.100390625
9 0.31484375 0.503125 0.0453125 0.075
9 0.28046875 0.4765625 0.040625 0.06015625
9 0.21328125 0.33046875 0.03515625 0.04296875
9 0.11484375 0.2515625 0.045703125 0.046875
8 0.09296875 0.140625 0.017578125 0.053125