18 0.60546875 0.884375 0.098828125 0.105859375
18 0.778125 0.9765625 0.08046875 0.046875
18 0.63671875 0.8265625 0.041796875 0.053125
18 0.56015625 0.8 0.0328125 0.049609375
18 0.6109375 0.7296875 0.0375 0.0765625
18 0.6265625 0.71796875 0.027734375 0.082421875
18 0.66171875 0.7453125 0.02265625 0.0328125
18 0.72109375 0.7265625 0.014453125 0.050390625
18 0.73203125 0.61953125 0.0140625 0.04765625
18 0.77890625 0.5609375 0.021875 0.02109375
18 0.65859375 0.34296875 0.01953125 0.053125
18 0.86328125 0.9921875 0.026171875 0.015234375
18 0.5078125 0.44296875 0.025390625 0.053125
18 0.565625 0.57734375 0.049609375 0.094921875
18 0.4765625 0.321875 0.0484375 0.103125
18 0.60703125 0.25 0.03984375 0.06875
18 0.5671875 0.17109375 0.04609375 0.075
18 0.52421875 0.1453125 0.064453125 0.094140625
18 0.5578125 0.1203125 0.0625 0.081640625