18 0.39453125 0.115625 0.09921875 0.10546875
18 0.221875 0.0234375 0.0796875 0.046875
18 0.36328125 0.1734375 0.04140625 0.053125
18 0.43984375 0.2 0.0328125 0.04921875
18 0.3890625 0.2703125 0.0375 0.0765625
18 0.3734375 0.28203125 0.02734375 0.08203125
18 0.33828125 0.2546875 0.02265625 0.0328125
18 0.27890625 0.2734375 0.01484375 0.05078125
18 0.26796875 0.38046875 0.0140625 0.04765625
18 0.22109375 0.4390625 0.021875 0.0203125
18 0.34140625 0.65703125 0.01953125 0.053125
18 0.13671875 0.0078125 0.02578125 0.01484375
18 0.4921875 0.55703125 0.02578125 0.053125
18 0.434375 0.42265625 0.04921875 0.09453125
18 0.5234375 0.678125 0.0484375 0.103125
18 0.39296875 0.75 0.03984375 0.06875
18 0.4328125 0.82890625 0.0453125 0.075
18 0.47578125 0.8546875 0.06484375 0.09453125
18 0.4421875 0.8796875 0.0625 0.08203125