18 0.11484375 0.10625 0.009375 0.009375
18 0.11328125 0.121875 0.0046875 0.005859375
18 0.115625 0.12109375 0.0046875 0.00625
18 0.128125 0.1234375 0.008984375 0.00390625
18 0.128125 0.1375 0.01171875 0.00625
18 0.12734375 0.159375 0.005078125 0.009765625
18 0.23125 0.16796875 0.00859375 0.00703125
18 0.28203125 0.1671875 0.00703125 0.0078125
18 0.2265625 0.196875 0.009765625 0.006640625
18 0.21640625 0.209375 0.010546875 0.005859375
18 0.27734375 0.21953125 0.010546875 0.007421875
18 0.33046875 0.29296875 0.011328125 0.0078125
18 0.42109375 0.32578125 0.0125 0.00859375
18 0.33984375 0.33203125 0.011328125 0.008203125
18 0.30625 0.325 0.009765625 0.009375
18 0.2875 0.32890625 0.01328125 0.009375
18 0.29375 0.3265625 0.009765625 0.00859375
18 0.3359375 0.3640625 0.009375 0.009375
18 0.325 0.38125 0.01171875 0.00546875
18 0.32265625 0.384375 0.0125 0.009375
18 0.31171875 0.3796875 0.0140625 0.009375
18 0.40625 0.4203125 0.015234375 0.009765625
18 0.434375 0.42734375 0.01171875 0.010546875
18 0.3609375 0.4296875 0.015625 0.0140625
18 0.36484375 0.43984375 0.0125 0.011328125
18 0.47734375 0.465625 0.01875 0.0125
18 0.50078125 0.47109375 0.0125 0.009375
18 0.5125 0.4703125 0.012109375 0.009375
18 0.52421875 0.48125 0.00703125 0.0109375
18 0.53046875 0.490625 0.010546875 0.012109375
18 0.5609375 0.5046875 0.01171875 0.0109375
18 0.509375 0.51484375 0.01328125 0.0125
18 0.48828125 0.484375 0.011328125 0.00625
18 0.484375 0.4953125 0.01328125 0.009375
18 0.46015625 0.4890625 0.011328125 0.006640625
18 0.434375 0.48125 0.0125 0.009765625
18 0.42890625 0.47734375 0.00703125 0.01328125
18 0.42265625 0.4796875 0.0109375 0.0140625
18 0.3859375 0.49765625 0.015234375 0.010546875
18 0.39765625 0.5578125 0.023046875 0.01484375
18 0.446875 0.51328125 0.015625 0.017578125
18 0.44765625 0.4921875 0.007421875 0.016015625
18 0.459375 0.51015625 0.0125 0.009375
18 0.50234375 0.5359375 0.010546875 0.00859375
18 0.48671875 0.53984375 0.013671875 0.014453125
18 0.48203125 0.54375 0.00859375 0.0125
18 0.4734375 0.5609375 0.015234375 0.009765625
18 0.4875 0.5640625 0.0109375 0.0171875
18 0.4953125 0.58125 0.00859375 0.01796875
18 0.5234375 0.58828125 0.012109375 0.0125
18 0.54453125 0.6078125 0.014453125 0.01484375
18 0.48046875 0.6125 0.0203125 0.01328125
18 0.48984375 0.63203125 0.01875 0.017578125
18 0.5109375 0.63828125 0.019140625 0.013671875
18 0.54765625 0.6890625 0.011328125 0.021875
18 0.54609375 0.709375 0.01640625 0.01953125
18 0.57265625 0.72421875 0.01875 0.0140625
18 0.56796875 0.73125 0.017578125 0.009765625
18 0.55625 0.740625 0.009375 0.027734375
18 0.528125 0.76953125 0.021875 0.0125
18 0.61640625 0.7890625 0.020703125 0.028515625
18 0.84765625 0.7765625 0.01796875 0.015625
18 0.7171875 0.8671875 0.008984375 0.028125
18 0.828125 0.89609375 0.015625 0.01484375
18 0.7890625 0.92734375 0.02265625 0.016796875
18 0.7875 0.9359375 0.0234375 0.01875
18 0.99609375 0.61015625 0.0078125 0.011328125