8 0.9328125 0.80546875 0.062890625 0.0359375
8 0.671875 0.81171875 0.027734375 0.026171875
8 0.71953125 0.74765625 0.03359375 0.03515625
8 0.6078125 0.74765625 0.02734375 0.044921875
8 0.590625 0.77578125 0.021484375 0.026171875
8 0.634375 0.56640625 0.034765625 0.040625
8 0.57265625 0.62578125 0.03671875 0.03671875
8 0.55078125 0.51640625 0.042578125 0.051171875
8 0.534375 0.5734375 0.030859375 0.037109375
8 0.48828125 0.5703125 0.0375 0.041015625
8 0.4484375 0.6828125 0.033984375 0.041015625
8 0.38359375 0.71484375 0.069921875 0.051953125
8 0.39921875 0.6765625 0.025 0.03203125
8 0.384375 0.64765625 0.03125 0.045703125
8 0.36171875 0.65 0.029296875 0.03125
8 0.18359375 0.61015625 0.04453125 0.05546875
8 0.13203125 0.6984375 0.016796875 0.012890625
8 0.10703125 0.71484375 0.0078125 0.0171875
8 0.33671875 0.815625 0.0171875 0.009765625
7 0.38046875 0.803125 0.009375 0.012890625
8 0.4296875 0.7953125 0.012890625 0.009765625
8 0.44296875 0.80390625 0.00703125 0.009375
8 0.4984375 0.82109375 0.018359375 0.008203125
8 0.1984375 0.6796875 0.005859375 0.015625