8 0.00625 0.95078125 0.0125 0.014453125
8 0.10703125 0.87421875 0.023828125 0.013671875
8 0.096875 0.81015625 0.02734375 0.01484375
8 0.1375 0.834375 0.022265625 0.01328125
8 0.1625 0.840625 0.01953125 0.01171875
8 0.171875 0.834375 0.0171875 0.01171875
8 0.09140625 0.590625 0.033203125 0.015625
8 0.27109375 0.6890625 0.026953125 0.015625
8 0.49296875 0.28828125 0.05625 0.048046875
8 0.68671875 0.62578125 0.03046875 0.028125
8 0.6984375 0.55 0.028515625 0.033984375
8 0.67421875 0.51875 0.0359375 0.033984375
8 0.71171875 0.53203125 0.046875 0.046875
8 0.73515625 0.55859375 0.026953125 0.030078125
8 0.8375 0.690625 0.043359375 0.02421875
8 0.82734375 0.7359375 0.014453125 0.02734375
8 0.70703125 0.84296875 0.0078125 0.023046875
7 0.35546875 0.93046875 0.0234375 0.0109375
8 0.6078125 0.9109375 0.015625 0.0125
8 0.67734375 0.93359375 0.025 0.01796875
8 0.7140625 0.84375 0.00859375 0.021484375