8 0.640625 0.12578125 0.01875 0.028125
8 0.62421875 0.09609375 0.026953125 0.039453125
8 0.609375 0.10703125 0.022265625 0.023828125
8 0.596875 0.0859375 0.02734375 0.01875
8 0.6125 0.1703125 0.022265625 0.02734375
8 0.71953125 0.24140625 0.028125 0.0296875
8 0.71328125 0.31015625 0.0171875 0.023828125
8 0.63359375 0.43046875 0.0078125 0.023046875
8 0.32109375 0.2640625 0.0203125 0.016015625
8 0.19453125 0.15 0.02265625 0.0140625
8 0.24765625 0.41875 0.01171875 0.01328125
8 0.2359375 0.42578125 0.01484375 0.009375
8 0.22109375 0.42109375 0.015625 0.015625
8 0.19296875 0.39375 0.019921875 0.012109375
8 0.190625 0.45546875 0.015625 0.0140625
8 0.08515625 0.54296875 0.013671875 0.011328125
8 0.55546875 0.51015625 0.008203125 0.015625
8 0.3765625 0.5390625 0.01875 0.009765625
8 0.6171875 0.54765625 0.01875 0.011328125
8 0.58671875 0.696875 0.0078125 0.012890625
8 0.57109375 0.67109375 0.009375 0.01484375
8 0.54140625 0.771875 0.0140625 0.009375
8 0.5328125 0.73125 0.0171875 0.0125
8 0.5375 0.7765625 0.00703125 0.008984375
9 0.53203125 0.8609375 0.017578125 0.01484375
8 0.509375 0.803125 0.0140625 0.00703125
8 0.4984375 0.809375 0.012890625 0.008984375
8 0.48828125 0.82109375 0.009375 0.011328125
8 0.48828125 0.8640625 0.008203125 0.009765625
8 0.47734375 0.84140625 0.0125 0.0125
8 0.47265625 0.8421875 0.00546875 0.0078125
8 0.46796875 0.8421875 0.0109375 0.012890625
8 0.46015625 0.840625 0.0078125 0.009375
8 0.4484375 0.8328125 0.016015625 0.009765625
8 0.3921875 0.84765625 0.003515625 0.011328125
8 0.3578125 0.84453125 0.00625 0.011328125
8 0.30625 0.81171875 0.009765625 0.007421875
8 0.31953125 0.8625 0.009375 0.0125
8 0.23359375 0.9125 0.0109375 0.012890625
8 0.1765625 0.99375 0.008984375 0.006640625
8 0.3515625 0.88125 0.0078125 0.00859375
8 0.328125 0.94375 0.009765625 0.012109375
8 0.346875 0.99765625 0.006640625 0.004296875
9 0.39921875 0.9828125 0.01015625 0.009375
8 0.471875 0.93359375 0.008984375 0.007421875
8 0.42265625 0.9265625 0.01015625 0.0078125
8 0.42265625 0.915625 0.0125 0.01171875
8 0.4109375 0.87421875 0.003515625 0.008203125
8 0.40390625 0.88125 0.008203125 0.006640625
8 0.37265625 0.86484375 0.00546875 0.0125
8 0.41796875 0.95234375 0.009375 0.007421875
10 0.36328125 0.92890625 0.008203125 0.008203125
8 0.36796875 0.9046875 0.0078125 0.005859375
8 0.35859375 0.8921875 0.010546875 0.005859375
8 0.3625 0.88828125 0.0109375 0.00703125
8 0.6375 0.43359375 0.008984375 0.020703125
8 0.6140625 0.55234375 0.016015625 0.007421875
9 0.41484375 0.95546875 0.0125 0.009375
8 0.40859375 0.88203125 0.009375 0.007421875
10 0.66328125 0.64140625 0.0046875 0.009375
8 0.35546875 0.89375 0.0078125 0.00546875
8 0.36171875 0.896875 0.010546875 0.005859375
8 0.37265625 0.9078125 0.010546875 0.005859375
8 0.365625 0.91953125 0.01171875 0.0125
8 0.36796875 0.91640625 0.0078125 0.008203125
8 0.375 0.91640625 0.009375 0.0046875
8 0.3796875 0.9140625 0.0078125 0.009375