9 0.403125 0.06875 0.019140625 0.01953125
9 0.4796875 0.0046875 0.005859375 0.006640625
9 0.34453125 0.10390625 0.01015625 0.02109375
10 0.31875 0.10390625 0.01328125 0.010546875
10 0.3703125 0.1109375 0.006640625 0.006640625
8 0.33984375 0.171875 0.008203125 0.00625
8 0.30625 0.175 0.00546875 0.009375
9 0.375 0.15625 0.018359375 0.025
9 0.390625 0.15390625 0.019140625 0.0265625
9 0.4078125 0.178125 0.00390625 0.01015625
9 0.38359375 0.203125 0.015625 0.01875
8 0.35 0.23671875 0.012109375 0.009375
8 0.36640625 0.23515625 0.023046875 0.0265625
9 0.40234375 0.27265625 0.023828125 0.0234375
9 0.41328125 0.28671875 0.020703125 0.0234375
9 0.42109375 0.30703125 0.02421875 0.02421875
9 0.38828125 0.29140625 0.01875 0.02109375
9 0.3640625 0.3125 0.025 0.02578125
9 0.396875 0.35546875 0.016015625 0.01875
8 0.34453125 0.43046875 0.0078125 0.01796875
9 0.33515625 0.4828125 0.03515625 0.04453125
8 0.2546875 0.54453125 0.0140625 0.01796875
8 0.23515625 0.5171875 0.016796875 0.00859375
9 0.2390625 0.6078125 0.012109375 0.015625
8 0.278125 0.6171875 0.01796875 0.008984375
9 0.08828125 0.75546875 0.05859375 0.08046875
9 0.02265625 0.80859375 0.014453125 0.0359375
10 0.025 0.91328125 0.027734375 0.029296875
8 0.04609375 0.96796875 0.0109375 0.030078125
8 0.0390625 0.99453125 0.0203125 0.0109375
9 0.0953125 0.97578125 0.0375 0.0484375
9 0.1609375 0.975 0.04375 0.05
9 0.29453125 0.70078125 0.06953125 0.09765625
9 0.278125 0.67265625 0.025390625 0.038671875
9 0.3515625 0.621875 0.02109375 0.024609375
10 0.22421875 0.67734375 0.0171875 0.01328125
8 0.34609375 0.2359375 0.010546875 0.00859375
9 0.3203125 0.59609375 0.031640625 0.044921875