8 0.1765625 0.2671875 0.015625 0.0265625
8 0.16484375 0.31484375 0.04296875 0.028125
8 0.31640625 0.37734375 0.0328125 0.03125
8 0.26796875 0.440625 0.02734375 0.0296875
8 0.29140625 0.46796875 0.04609375 0.04765625
8 0.30546875 0.45078125 0.02734375 0.0328125
8 0.32890625 0.48125 0.03671875 0.0328125
8 0.51484375 0.70625 0.05703125 0.04453125
8 0.72890625 0.3125 0.028125 0.0171875
8 0.29609375 0.15859375 0.00703125 0.02265625
8 0.32421875 0.06953125 0.025 0.01328125
8 0.39765625 0.0921875 0.01640625 0.0109375
10 0.64453125 0.0703125 0.02265625 0.01171875
8 0.825 0.16484375 0.01953125 0.01171875
8 0.83671875 0.15859375 0.01953125 0.0125
8 0.86015625 0.165625 0.0234375 0.015625
8 0.890625 0.12578125 0.02421875 0.0140625
8 0.99375 0.05 0.0125 0.0125
8 0.90078125 0.1890625 0.028125 0.0140625
8 0.91015625 0.415625 0.034375 0.01796875
8 0.328125 0.065625 0.0203125 0.00859375
8 0.2890625 0.15859375 0.00703125 0.02109375