8 0.85859375 0.7890625 0.00390625 0.00625
8 0.796875 0.7015625 0.00703125 0.00625
8 0.96875 0.75703125 0.008984375 0.005078125
8 0.98046875 0.73125 0.007421875 0.00625
9 0.98828125 0.7484375 0.0046875 0.00390625
8 0.9984375 0.71796875 0.003125 0.0046875
8 0.95546875 0.7 0.00625 0.00625
8 0.89296875 0.70390625 0.007421875 0.008203125
10 0.8953125 0.65546875 0.009765625 0.007421875
8 0.965625 0.63203125 0.009375 0.009375
8 0.9484375 0.6171875 0.006640625 0.006640625
8 0.98515625 0.578125 0.010546875 0.005859375
8 0.96640625 0.62578125 0.008203125 0.00625
8 0.815625 0.571875 0.00625 0.01328125
8 0.903125 0.5546875 0.01171875 0.008984375
8 0.925 0.5234375 0.008984375 0.00859375
10 0.9875 0.521875 0.012890625 0.009765625
8 0.99140625 0.51484375 0.0109375 0.007421875
8 0.9796875 0.48359375 0.0109375 0.009375
8 0.9796875 0.46640625 0.0125 0.010546875
8 0.9984375 0.37734375 0.003125 0.0140625
8 0.9859375 0.30859375 0.008984375 0.0125
8 0.98671875 0.27265625 0.014453125 0.0171875
10 0.99609375 0.26484375 0.007421875 0.0125
8 0.971875 0.33828125 0.00625 0.01875
8 0.96875 0.34453125 0.003515625 0.009375
8 0.96484375 0.3484375 0.007421875 0.01640625
8 0.96015625 0.35625 0.0109375 0.00625
8 0.94609375 0.340625 0.0078125 0.01953125
8 0.903125 0.409375 0.00625 0.012890625
8 0.88125 0.428125 0.00703125 0.008984375
8 0.85 0.45546875 0.00703125 0.008203125
8 0.82109375 0.41875 0.009375 0.00625
8 0.9375 0.42421875 0.003515625 0.011328125
8 0.9390625 0.43125 0.006640625 0.0125
8 0.93359375 0.43671875 0.0046875 0.011328125
8 0.90078125 0.44296875 0.00625 0.0140625
8 0.8890625 0.465625 0.009765625 0.00625
8 0.89296875 0.48359375 0.0078125 0.00703125
8 0.9 0.47265625 0.0109375 0.00546875
8 0.90546875 0.4765625 0.01015625 0.0046875
8 0.9109375 0.48671875 0.009375 0.005078125
8 0.9171875 0.48828125 0.01015625 0.00625
8 0.92109375 0.50078125 0.00859375 0.01328125
8 0.92421875 0.496875 0.00625 0.009765625
8 0.93046875 0.4953125 0.010546875 0.00859375
8 0.92890625 0.49140625 0.011328125 0.00625
8 0.9359375 0.48984375 0.00859375 0.0078125
8 0.984375 0.16328125 0.021484375 0.019921875
8 0.9875 0.06640625 0.006640625 0.021875
8 0.76875 0.09375 0.016015625 0.01328125
8 0.5734375 0.303125 0.0109375 0.0125
8 0.61171875 0.146875 0.013671875 0.0125
8 0.6015625 0.09140625 0.009375 0.0203125
8 0.621875 0.09921875 0.012109375 0.009375
8 0.63203125 0.0875 0.0109375 0.012109375
8 0.6375 0.0765625 0.00625 0.01953125
8 0.9609375 0.6328125 0.005859375 0.00625
8 0.9859375 0.575 0.009765625 0.00546875
8 0.89296875 0.4796875 0.009375 0.009375