8 0.85859375 0.2109375 0.00390625 0.00625
8 0.796875 0.2984375 0.006640625 0.00625
8 0.96875 0.24296875 0.008984375 0.005078125
8 0.98046875 0.26875 0.007421875 0.00625
9 0.98828125 0.2515625 0.0046875 0.0046875
8 0.9984375 0.28203125 0.003125 0.0046875
8 0.95546875 0.3 0.00625 0.00625
8 0.89296875 0.29609375 0.007421875 0.008203125
10 0.8953125 0.34453125 0.009765625 0.007421875
8 0.965625 0.36796875 0.009375 0.009375
8 0.9484375 0.3828125 0.00703125 0.00703125
8 0.98515625 0.421875 0.010546875 0.005859375
8 0.96640625 0.37421875 0.008203125 0.00625
8 0.815625 0.428125 0.00625 0.01328125
8 0.903125 0.4453125 0.01171875 0.008984375
8 0.925 0.4765625 0.00859375 0.0078125
10 0.9875 0.478125 0.012890625 0.009765625
8 0.99140625 0.48515625 0.0109375 0.00703125
8 0.9796875 0.51640625 0.01015625 0.009375
8 0.9796875 0.53359375 0.0125 0.010546875
8 0.9984375 0.62265625 0.003125 0.0140625
8 0.9859375 0.69140625 0.008984375 0.0125
8 0.98671875 0.72734375 0.01484375 0.0171875
10 0.99609375 0.73515625 0.007421875 0.0125
8 0.971875 0.66171875 0.00625 0.01875
8 0.96875 0.65546875 0.003515625 0.009375
8 0.96484375 0.6515625 0.00703125 0.0171875
8 0.96015625 0.64375 0.0109375 0.00625
8 0.94609375 0.659375 0.0078125 0.01953125
8 0.903125 0.590625 0.00625 0.01328125
8 0.88125 0.571875 0.00703125 0.008984375
8 0.85 0.54453125 0.00703125 0.008203125
8 0.82109375 0.58125 0.009375 0.00625
8 0.9375 0.57578125 0.00390625 0.01171875
8 0.9390625 0.56875 0.00703125 0.0125
8 0.93359375 0.56328125 0.0046875 0.011328125
8 0.90078125 0.55703125 0.00625 0.0140625
8 0.8890625 0.534375 0.01015625 0.00625
8 0.89296875 0.51640625 0.0078125 0.007421875
8 0.9 0.52734375 0.01171875 0.005078125
8 0.90546875 0.5234375 0.010546875 0.00390625
8 0.9109375 0.51328125 0.009375 0.00546875
8 0.9171875 0.51171875 0.0109375 0.00625
8 0.92109375 0.49921875 0.008203125 0.013671875
8 0.92421875 0.503125 0.00625 0.01015625
8 0.93046875 0.5046875 0.010546875 0.00859375
8 0.92890625 0.50859375 0.011328125 0.00625
8 0.9359375 0.51015625 0.00859375 0.0078125
8 0.984375 0.83671875 0.021484375 0.019921875
8 0.9875 0.93359375 0.006640625 0.021875
8 0.76875 0.90625 0.016015625 0.01328125
8 0.5734375 0.696875 0.0109375 0.0125
8 0.61171875 0.853125 0.01328125 0.0125
8 0.6015625 0.90859375 0.009375 0.0203125
8 0.621875 0.90078125 0.012109375 0.009375
8 0.63203125 0.9125 0.0109375 0.012109375
8 0.6375 0.9234375 0.00625 0.01953125
8 0.9609375 0.3671875 0.005859375 0.00625
8 0.9859375 0.425 0.009765625 0.00546875
8 0.89296875 0.5203125 0.009375 0.009375