18 0.68515625 0.321875 0.017578125 0.041015625
18 0.4875 0.50625 0.0078125 0.025
18 0.73515625 0.4515625 0.02109375 0.02578125
18 0.70625 0.47265625 0.01875 0.023046875
18 0.68828125 0.4765625 0.017578125 0.01484375
18 0.67265625 0.484375 0.01875 0.015234375
18 0.65 0.490625 0.01796875 0.016015625
18 0.53984375 0.54609375 0.009375 0.0234375
18 0.5 0.609375 0.019140625 0.015625
18 0.49609375 0.6171875 0.00859375 0.0125
18 0.49609375 0.62734375 0.0140625 0.0109375
18 0.48984375 0.6375 0.0140625 0.01953125
18 0.67578125 0.54609375 0.026171875 0.021875
18 0.71484375 0.57890625 0.014453125 0.0171875
18 0.6546875 0.68984375 0.016015625 0.020703125
18 0.61484375 0.76015625 0.014453125 0.020703125
18 0.5890625 0.7578125 0.00859375 0.018359375
18 0.49921875 0.73203125 0.0171875 0.0171875
18 0.571875 0.778125 0.01640625 0.0171875
18 0.334375 0.621875 0.009765625 0.021484375
18 0.51953125 0.84765625 0.011328125 0.0125
18 0.50703125 0.8609375 0.0140625 0.009765625
18 0.50546875 0.86796875 0.010546875 0.008203125
18 0.5109375 0.8828125 0.012890625 0.01015625
18 0.51328125 0.89765625 0.007421875 0.0140625
18 0.49375 0.884375 0.00859375 0.0078125
18 0.4828125 0.8875 0.015234375 0.012109375
18 0.4703125 0.91484375 0.01484375 0.010546875
18 0.45390625 0.91328125 0.00625 0.013671875
18 0.44765625 0.90234375 0.0109375 0.0078125
18 0.43828125 0.91640625 0.0125 0.0078125
18 0.43515625 0.91015625 0.00859375 0.015625
18 0.42421875 0.9234375 0.009375 0.005859375
18 0.4203125 0.91796875 0.01015625 0.0078125
18 0.38828125 0.9109375 0.011328125 0.008984375
18 0.43671875 0.93671875 0.011328125 0.013671875
18 0.43046875 0.940625 0.0046875 0.009375
18 0.42734375 0.934375 0.010546875 0.009765625
18 0.4046875 0.9390625 0.0109375 0.0078125
18 0.40390625 0.934375 0.009375 0.009375
18 0.38125 0.921875 0.00390625 0.0109375
18 0.37578125 0.92734375 0.01015625 0.00859375
18 0.375 0.934375 0.00703125 0.005859375
18 0.37578125 0.93828125 0.005078125 0.0078125
18 0.39765625 0.95 0.0140625 0.00703125
18 0.39296875 0.94453125 0.008203125 0.005078125
18 0.39765625 0.9421875 0.0078125 0.00625
18 0.39140625 0.95390625 0.010546875 0.0046875
18 0.39453125 0.96328125 0.009375 0.007421875
18 0.39453125 0.9671875 0.008203125 0.00859375
18 0.38828125 0.96484375 0.0109375 0.0078125
18 0.415625 0.96328125 0.015234375 0.010546875
18 0.434375 0.9796875 0.015625 0.01015625
18 0.41171875 0.9765625 0.00859375 0.0078125
18 0.36875 0.98046875 0.0109375 0.0140625
18 0.35234375 0.99453125 0.0171875 0.0109375
18 0.35078125 0.96640625 0.007421875 0.008203125
18 0.31171875 0.978125 0.013671875 0.00703125