8 0.415625 0.9828125 0.005859375 0.015234375
8 0.40078125 0.9984375 0.0125 0.003125
8 0.51953125 0.9921875 0.00546875 0.01484375
8 0.49609375 0.96328125 0.0109375 0.015625
8 0.46484375 0.94921875 0.016796875 0.014453125
8 0.50078125 0.9390625 0.0140625 0.01015625
8 0.49140625 0.9046875 0.0109375 0.016015625
8 0.50546875 0.890625 0.014453125 0.01328125
8 0.5125 0.87734375 0.00703125 0.0234375
8 0.496875 0.6640625 0.012890625 0.02109375
8 0.5859375 0.7421875 0.015234375 0.0125
8 0.609375 0.709375 0.0125 0.009375
8 0.6515625 0.703125 0.0171875 0.01328125
8 0.25625 0.45390625 0.0078125 0.02734375
8 0.4828125 0.478125 0.012890625 0.018359375
8 0.47578125 0.46640625 0.008203125 0.019921875
8 0.48125 0.45 0.0140625 0.01640625
8 0.48515625 0.434375 0.011328125 0.021875
8 0.490625 0.41953125 0.016015625 0.014453125
8 0.71796875 0.55703125 0.014453125 0.0171875
8 0.46796875 0.1953125 0.009375 0.02890625
8 0.546875 0.28828125 0.012109375 0.0265625
8 0.759375 0.25234375 0.02578125 0.023046875
8 0.80390625 0.3421875 0.019921875 0.016015625
8 0.734375 0.13359375 0.025390625 0.016796875
8 0.75625 0.14140625 0.021484375 0.023046875
8 0.778125 0.13984375 0.0234375 0.0171875
8 0.80625 0.12890625 0.025 0.025
8 0.8484375 0.0875 0.02890625 0.04375
11 0.41171875 0.99765625 0.007421875 0.004296875
8 0.46796875 0.95234375 0.0109375 0.0109375
8 0.503125 0.89765625 0.009375 0.0109375
8 0.65 0.70859375 0.015234375 0.0078125
8 0.7171875 0.5625 0.015625 0.015625