9 0.74921875 0.46015625 0.034375 0.0453125
9 0.81796875 0.59453125 0.021875 0.0375
9 0.840625 0.665625 0.04453125 0.053125
9 0.88671875 0.7390625 0.04609375 0.0359375
9 0.87421875 0.7703125 0.03203125 0.03125
9 0.92109375 0.85234375 0.05 0.0546875
8 0.80859375 0.8703125 0.02109375 0.0140625
8 0.53046875 0.23046875 0.01328125 0.01796875
8 0.753125 0.2203125 0.0109375 0.00703125
10 0.66640625 0.31171875 0.0078125 0.0140625
10 0.56640625 0.23203125 0.01328125 0.01328125
10 0.57890625 0.2109375 0.009375 0.009375
8 0.471875 0.2015625 0.00390625 0.00859375
8 0.459375 0.19140625 0.0078125 0.0078125
8 0.4171875 0.1125 0.009375 0.01171875
8 0.43203125 0.11171875 0.0078125 0.00703125
8 0.44453125 0.08984375 0.009375 0.01015625
8 0.4640625 0.0921875 0.00625 0.00546875
8 0.47265625 0.07890625 0.00625 0.00625
8 0.48828125 0.07421875 0.00625 0.00546875
8 0.51171875 0.03984375 0.0046875 0.00859375
8 0.50625 0.01484375 0.00703125 0.0109375
8 0.49765625 0.07890625 0.009375 0.0046875
8 0.50703125 0.0625 0.00390625 0.009375
8 0.5421875 0.07421875 0.0046875 0.00859375
8 0.54453125 0.0890625 0.0078125 0.00625
8 0.5328125 0.11953125 0.00703125 0.0078125
8 0.53359375 0.13515625 0.009375 0.0109375
8 0.53203125 0.14765625 0.0078125 0.0078125
8 0.5109375 0.17421875 0.00390625 0.009375
8 0.49765625 0.16953125 0.00390625 0.00859375
8 0.5671875 0.0203125 0.003125 0.0078125
8 0.61640625 0.00234375 0.0078125 0.0046875
8 0.475 0.09453125 0.0078125 0.00546875
8 0.57265625 0.02265625 0.00703125 0.0078125
8 0.5703125 0.0203125 0.00390625 0.00703125
8 0.49453125 0.075 0.003125 0.00625
8 0.4734375 0.09296875 0.00703125 0.0078125
8 0.52890625 0.11875 0.00859375 0.00625
8 0.53046875 0.1359375 0.00625 0.0078125
10 0.45390625 0.1921875 0.00859375 0.009375
10 0.896875 0.69609375 0.01640625 0.02109375