8 0.7390625 0.3640625 0.00859375 0.025
8 0.23515625 0.96640625 0.01484375 0.05078125
8 0.1984375 0.68203125 0.021875 0.0265625
8 0.22578125 0.67109375 0.02265625 0.01484375
8 0.246875 0.67109375 0.0203125 0.02109375
8 0.26875 0.67734375 0.025 0.01484375
8 0.240625 0.571875 0.0265625 0.02265625
8 0.4484375 0.53125 0.01171875 0.02578125
8 0.52578125 0.62109375 0.009375 0.0265625
8 0.19375 0.48046875 0.01875 0.01328125
8 0.271875 0.2625 0.01640625 0.01484375
8 0.51171875 0.34453125 0.01171875 0.015625
8 0.51796875 0.35390625 0.0078125 0.01796875
8 0.5125 0.371875 0.0140625 0.01640625
8 0.509375 0.38671875 0.0109375 0.021875
8 0.50390625 0.40234375 0.01640625 0.01484375
8 0.49765625 0.14921875 0.01328125 0.0203125
8 0.3375 0.1109375 0.01953125 0.0125
8 0.38203125 0.1046875 0.0125 0.0078125
8 0.40703125 0.0703125 0.01484375 0.01015625
8 0.340625 0.1046875 0.01640625 0.00625
8 0.27265625 0.25703125 0.015625 0.01328125
8 0.16171875 0.72109375 0.02890625 0.04140625