8 0.31328125 0.67734375 0.009375 0.03125
8 0.26328125 0.5484375 0.01953125 0.025
8 0.29140625 0.528125 0.01640625 0.01328125
8 0.31015625 0.5203125 0.01640625 0.01171875
8 0.325 0.51640625 0.01484375 0.01171875
8 0.34765625 0.50859375 0.0171875 0.01328125
8 0.5140625 0.49140625 0.00546875 0.01640625
8 0.66640625 0.375 0.00546875 0.015625
8 0.46171875 0.4515625 0.00859375 0.015625
8 0.31953125 0.4578125 0.01875 0.015625
8 0.28125 0.4203125 0.0109375 0.0140625
8 0.50078125 0.38671875 0.0109375 0.01015625
8 0.5046875 0.37890625 0.00703125 0.01328125
8 0.50859375 0.3578125 0.00703125 0.01015625
8 0.50078125 0.265625 0.009375 0.0109375
8 0.34609375 0.31015625 0.00859375 0.0109375
8 0.384375 0.2375 0.00859375 0.0125
8 0.41015625 0.23671875 0.00390625 0.00859375
8 0.4265625 0.21875 0.0078125 0.0109375
8 0.4828125 0.1515625 0.009375 0.01171875
8 0.48671875 0.0984375 0.00390625 0.009375
8 0.48828125 0.11484375 0.01015625 0.00703125
8 0.49609375 0.12890625 0.0078125 0.009375
8 0.49296875 0.13671875 0.0109375 0.01015625
8 0.5046875 0.11171875 0.01015625 0.0046875
8 0.515625 0.109375 0.009375 0.0109375
8 0.51328125 0.11171875 0.00625 0.0078125
8 0.5296875 0.0828125 0.0125 0.00859375
8 0.546875 0.08359375 0.00625 0.0109375
8 0.55234375 0.09453125 0.00859375 0.0046875
8 0.565625 0.08828125 0.00703125 0.00625
8 0.6125 0.084375 0.00703125 0.00390625
8 0.61953125 0.075 0.00390625 0.0078125
8 0.621875 0.07109375 0.00625 0.0046875
8 0.625 0.0640625 0.0078125 0.00546875
8 0.62421875 0.05859375 0.00546875 0.00546875
8 0.68984375 0.01953125 0.0078125 0.00546875
9 0.65078125 0.03046875 0.0046875 0.00625
8 0.634375 0.01640625 0.00625 0.01171875
8 0.60703125 0.0296875 0.009375 0.00625
8 0.6109375 0.03125 0.0046875 0.00703125
8 0.60625 0.03671875 0.00859375 0.00703125
8 0.6078125 0.04296875 0.0078125 0.0046875
8 0.603125 0.04765625 0.01171875 0.0078125
8 0.60625 0.0515625 0.00625 0.00546875
8 0.6015625 0.0546875 0.003125 0.009375
8 0.5953125 0.05859375 0.0078125 0.00546875
8 0.59765625 0.06328125 0.00546875 0.0046875
8 0.5765625 0.0765625 0.00859375 0.00546875
8 0.57890625 0.08125 0.00703125 0.0046875
8 0.5703125 0.0578125 0.003125 0.0078125
8 0.5734375 0.06171875 0.0078125 0.00703125
8 0.5640625 0.059375 0.009375 0.01015625
8 0.584375 0.03125 0.0078125 0.009375
8 0.59140625 0.01953125 0.00390625 0.0078125
8 0.56484375 0.01640625 0.01328125 0.0109375
8 0.65 0.00234375 0.01171875 0.0046875
8 0.3453125 0.3078125 0.009375 0.0109375
8 0.56328125 0.084375 0.00859375 0.0078125
8 0.5625 0.0796875 0.00859375 0.0046875
8 0.50625 0.37109375 0.01015625 0.00859375
8 0.51171875 0.36328125 0.0078125 0.00859375
8 0.38203125 0.23671875 0.00703125 0.01015625