8 0.1765625 0.7328125 0.015625 0.02734375
8 0.16484375 0.68515625 0.042578125 0.028125
8 0.31640625 0.62265625 0.0328125 0.03125
8 0.26796875 0.559375 0.026953125 0.03046875
8 0.29140625 0.53203125 0.04609375 0.04765625
8 0.30546875 0.54921875 0.026953125 0.0328125
8 0.32890625 0.51875 0.036328125 0.03203125
8 0.51484375 0.29375 0.057421875 0.044140625
8 0.72890625 0.6875 0.028125 0.01796875
8 0.29609375 0.84140625 0.007421875 0.023046875
8 0.32421875 0.93046875 0.025 0.01328125
8 0.39765625 0.9078125 0.016796875 0.01015625
10 0.64453125 0.9296875 0.023046875 0.012109375
8 0.825 0.83515625 0.019140625 0.011328125
8 0.83671875 0.84140625 0.019921875 0.0125
8 0.86015625 0.834375 0.0234375 0.015625
8 0.890625 0.87421875 0.02421875 0.0140625
8 0.99375 0.95 0.0125 0.0125
8 0.90078125 0.8109375 0.028125 0.01484375
8 0.91015625 0.584375 0.034375 0.01796875
8 0.328125 0.934375 0.01953125 0.008984375
8 0.2890625 0.84140625 0.006640625 0.020703125