18 0.715625 0.13828125 0.0109375 0.01953125
18 0.71875 0.18125 0.0234375 0.03671875
18 0.68984375 0.5671875 0.01796875 0.046875
18 0.49375 0.92578125 0.0453125 0.06171875
18 0.578125 0.8953125 0.03125 0.06953125
18 0.79765625 0.24921875 0.03125 0.0875
18 0.74296875 0.21953125 0.02578125 0.06328125
18 0.78515625 0.2953125 0.021875 0.0453125
18 0.74296875 0.3703125 0.028125 0.0328125
18 0.634375 0.97890625 0.02734375 0.0421875
18 0.73203125 0.8875 0.04453125 0.0453125
18 0.67734375 0.9515625 0.0453125 0.0671875
18 0.7203125 0.9453125 0.021875 0.05625
18 0.74296875 0.92265625 0.0359375 0.06015625
18 0.7421875 0.84296875 0.0453125 0.06328125
18 0.7578125 0.79140625 0.03984375 0.05859375
18 0.790625 0.79609375 0.0390625 0.05234375
18 0.7453125 0.55859375 0.0421875 0.0453125
18 0.92265625 0.57265625 0.04921875 0.04375
18 0.9734375 0.6 0.053125 0.0546875
18 0.9859375 0.46015625 0.028125 0.0671875
18 0.9625 0.46953125 0.02578125 0.0421875
18 0.7875 0.57421875 0.02578125 0.03828125
18 0.696875 0.46171875 0.0234375 0.025
18 0.75625 0.46640625 0.0359375 0.05078125
18 0.78203125 0.4703125 0.03984375 0.04140625
18 0.75 0.49140625 0.0421875 0.04765625
18 0.7859375 0.3703125 0.0328125 0.065625