8 0.43828125 0.1140625 0.01328125 0.02578125
8 0.55234375 0.1609375 0.02265625 0.03359375
8 0.54140625 0.18515625 0.015625 0.03046875
8 0.5625 0.21328125 0.0140625 0.0296875
8 0.53828125 0.265625 0.01640625 0.03203125
8 0.68046875 0.3515625 0.025 0.0296875
8 0.52109375 0.39765625 0.02734375 0.03359375
8 0.1484375 0.4609375 0.03515625 0.01875
8 0.240625 0.75 0.04140625 0.04609375
8 0.3953125 0.84375 0.03359375 0.05390625
8 0.421875 0.83359375 0.03984375 0.0421875
8 0.596875 0.7859375 0.04140625 0.028125
8 0.59375 0.80078125 0.04140625 0.03046875
8 0.71015625 0.7484375 0.03671875 0.0671875
8 0.74765625 0.91484375 0.059375 0.04375
8 0.759375 0.896875 0.0484375 0.0390625