18 0.6171875 0.27109375 0.00390625 0.0046875
18 0.62265625 0.2703125 0.004296875 0.00625
18 0.63203125 0.28125 0.004296875 0.00546875
18 0.628125 0.28046875 0.003515625 0.0046875
18 0.646875 0.28984375 0.00703125 0.00546875
18 0.64140625 0.28828125 0.0046875 0.00625
18 0.66015625 0.2953125 0.004296875 0.00625
18 0.6609375 0.3 0.00625 0.006640625
18 0.6609375 0.30546875 0.003515625 0.007421875
18 0.615625 0.25390625 0.00703125 0.004296875
18 0.603125 0.2453125 0.01171875 0.003515625
18 0.609375 0.25 0.0109375 0.003125
18 0.625 0.2546875 0.00703125 0.003515625
18 0.61328125 0.25703125 0.008203125 0.003125
18 0.58984375 0.2484375 0.004296875 0.009375