18 0.40625 0.1125 0.0375 0.05546875
9 0.5796875 0.05546875 0.028125 0.061328125
9 0.75859375 0.00390625 0.0140625 0.0078125
9 0.834375 0.046875 0.037109375 0.0375
8 0.85078125 0.12421875 0.014453125 0.0390625
9 0.84921875 0.2390625 0.026953125 0.040625
8 0.8671875 0.2453125 0.012890625 0.034765625
8 0.8265625 0.2640625 0.018359375 0.012109375
8 0.83046875 0.2921875 0.0125 0.03125
9 0.73984375 0.259375 0.029296875 0.050390625
8 0.88515625 0.375 0.02734375 0.0234375
8 0.9375 0.46484375 0.01640625 0.0390625
9 0.8265625 0.4515625 0.062109375 0.087890625
9 0.65703125 0.5734375 0.098046875 0.08125
9 0.61640625 0.66328125 0.0203125 0.0421875
9 0.684375 0.696875 0.031640625 0.04453125
9 0.76796875 0.68359375 0.0234375 0.017578125
8 0.72109375 0.79921875 0.02578125 0.0140625
9 0.78359375 0.81875 0.014453125 0.031640625
8 0.79765625 0.965625 0.015625 0.0375
9 0.65625 0.82109375 0.04140625 0.0796875
9 0.6734375 0.8421875 0.028125 0.058984375
9 0.61953125 0.97265625 0.0640625 0.0546875