8 0.41328125 0.66328125 0.010546875 0.011328125
8 0.384375 0.76171875 0.003515625 0.0078125
8 0.346875 0.8640625 0.00234375 0.00703125
8 0.41953125 0.77109375 0.005078125 0.007421875
8 0.41796875 0.8203125 0.00546875 0.00390625
8 0.4140625 0.81875 0.002734375 0.005859375
9 0.41171875 0.81640625 0.004296875 0.005078125
8 0.4078125 0.81796875 0.006640625 0.005078125
8 0.403125 0.815625 0.003125 0.00625
8 0.4859375 0.73828125 0.006640625 0.0078125
8 0.47265625 0.73359375 0.008203125 0.0078125
8 0.48359375 0.7265625 0.0078125 0.00703125
8 0.48046875 0.72265625 0.0078125 0.00625
8 0.48046875 0.7109375 0.010546875 0.009375
8 0.50703125 0.76015625 0.00625 0.010546875
8 0.528125 0.76796875 0.00625 0.00625
8 0.5265625 0.81171875 0.003125 0.007421875
8 0.5203125 0.84609375 0.00625 0.0078125
8 0.4953125 0.8453125 0.003125 0.0046875
7 0.4671875 0.85625 0.00859375 0.00546875
8 0.58125 0.90234375 0.00625 0.00390625
8 0.5359375 0.86953125 0.00625 0.0046875
8 0.5421875 0.89765625 0.006640625 0.0078125
8 0.53515625 0.90859375 0.00703125 0.00625
8 0.540625 0.9171875 0.003125 0.0078125
8 0.53671875 0.925 0.003125 0.006640625
7 0.54453125 0.92109375 0.005078125 0.00625
7 0.5859375 0.9625 0.008984375 0.00703125
8 0.571875 0.99765625 0.003125 0.0046875
8 0.54765625 0.996875 0.005078125 0.003515625
8 0.54375 0.98671875 0.002734375 0.005078125
8 0.5546875 0.97265625 0.00390625 0.0078125
8 0.47109375 0.9484375 0.004296875 0.00390625
8 0.475 0.984375 0.00390625 0.00703125
8 0.5125 0.9984375 0.003125 0.003125
9 0.51640625 0.9921875 0.004296875 0.003515625
8 0.52421875 0.98046875 0.00546875 0.003125
8 0.52109375 0.98046875 0.003125 0.0046875
8 0.52734375 0.9734375 0.0046875 0.00546875
8 0.51796875 0.97421875 0.007421875 0.0046875
8 0.51484375 0.97578125 0.005078125 0.00625
8 0.51171875 0.971875 0.0046875 0.003125
8 0.50703125 0.971875 0.005078125 0.003125
8 0.5015625 0.971875 0.005859375 0.003515625
8 0.49765625 0.9703125 0.003125 0.003125
8 0.5 0.96171875 0.002734375 0.005078125
8 0.496875 0.96484375 0.003125 0.004296875
8 0.4953125 0.96875 0.002734375 0.00546875
8 0.5109375 0.9671875 0.00390625 0.005859375
8 0.51875 0.9609375 0.00546875 0.003515625
8 0.51953125 0.96171875 0.0046875 0.004296875
8 0.5234375 0.96015625 0.003515625 0.005078125
8 0.525 0.95078125 0.00234375 0.0046875
8 0.5125 0.9390625 0.003515625 0.005859375
8 0.53671875 0.95078125 0.0046875 0.005078125
8 0.53984375 0.95 0.00625 0.003515625
8 0.5390625 0.94453125 0.00625 0.00625
8 0.48828125 0.9375 0.003125 0.006640625
8 0.528125 0.8125 0.002734375 0.006640625