8 0.3796875 0.003125 0.00859375 0.00546875
8 0.42734375 0.02265625 0.003125 0.00859375
8 0.48828125 0.01640625 0.008203125 0.009375
8 0.484375 0.04140625 0.00546875 0.008203125
8 0.48671875 0.06328125 0.003125 0.008203125
8 0.45234375 0.075 0.0046875 0.008984375
8 0.44921875 0.08984375 0.00625 0.00625
8 0.4609375 0.12109375 0.00703125 0.00859375
8 0.46015625 0.13671875 0.009375 0.0125
8 0.46171875 0.1484375 0.0078125 0.00859375
8 0.32890625 0.31484375 0.010546875 0.0140625
10 0.415625 0.21171875 0.009765625 0.0078125
10 0.4265625 0.2328125 0.0125 0.0125
8 0.46328125 0.23125 0.015625 0.015625
8 0.49609375 0.17109375 0.00625 0.008203125
8 0.48125 0.17578125 0.003515625 0.010546875
8 0.521875 0.20390625 0.003515625 0.009375
8 0.53359375 0.19296875 0.00625 0.00859375
8 0.57734375 0.11328125 0.009375 0.0109375
8 0.55078125 0.09140625 0.010546875 0.0109375
8 0.56328125 0.1125 0.0078125 0.005859375
8 0.5296875 0.09453125 0.006640625 0.005078125
8 0.5203125 0.0796875 0.00703125 0.00625
8 0.5046875 0.07578125 0.005859375 0.005078125
8 0.4953125 0.08046875 0.00859375 0.0046875
8 0.5171875 0.0953125 0.0078125 0.00625
8 0.24296875 0.22109375 0.0109375 0.007421875
9 0.2328125 0.4734375 0.0375 0.043359375
10 0.09921875 0.70078125 0.015625 0.0234375
9 0.171875 0.63828125 0.01953125 0.036328125
9 0.16015625 0.71640625 0.0453125 0.045703125
9 0.11171875 0.771875 0.046875 0.044140625
9 0.134375 0.8203125 0.034375 0.047265625
9 0.0890625 0.91953125 0.050390625 0.060546875
8 0.18671875 0.89921875 0.0203125 0.015625
8 0.421875 0.02421875 0.006640625 0.008203125
8 0.42421875 0.021875 0.003125 0.00703125
8 0.49765625 0.07734375 0.003125 0.009375
8 0.465625 0.1203125 0.008984375 0.00625
8 0.51953125 0.09453125 0.00625 0.0078125
8 0.46328125 0.1375 0.005078125 0.00703125
10 0.5390625 0.19375 0.00859375 0.009375