8 0.1828125 0.21875 0.028125 0.0375
8 0.16328125 0.2265625 0.0140625 0.0328125
8 0.20625 0.24375 0.0171875 0.0109375
8 0.203125 0.27109375 0.01328125 0.03046875
8 0.146875 0.34765625 0.0265625 0.0234375
8 0.09296875 0.43828125 0.015625 0.03828125
8 0.17890625 0.10390625 0.01328125 0.0375
9 0.1953125 0.02890625 0.0359375 0.0359375
9 0.2734375 0.00390625 0.01796875 0.0078125
9 0.43203125 0.08125 0.025 0.06484375
9 0.39140625 0.03984375 0.0546875 0.06640625
9 0.61640625 0.121875 0.0375 0.059375
9 0.2828125 0.25625 0.03046875 0.04765625
9 0.19921875 0.45859375 0.0640625 0.09296875
9 0.3796875 0.58828125 0.1015625 0.1171875
9 0.42890625 0.684375 0.02734375 0.0421875
9 0.3515625 0.6625 0.034375 0.04921875
7 0.2609375 0.65625 0.02265625 0.0203125
8 0.3078125 0.76953125 0.025 0.01484375
9 0.24609375 0.78671875 0.0140625 0.03125
8 0.23203125 0.93046875 0.015625 0.03671875
8 0.17890625 0.99609375 0.02734375 0.0078125
9 0.353125 0.809375 0.02265625 0.05859375
9 0.37421875 0.79296875 0.03515625 0.0734375
9 0.43125 0.9625 0.0640625 0.075