18 0.3578125 0.71171875 0.0125 0.00703125
18 0.37265625 0.71796875 0.009375 0.0125
18 0.3859375 0.72890625 0.005859375 0.005078125
18 0.3796875 0.7296875 0.0046875 0.00625
18 0.38671875 0.74609375 0.0078125 0.0046875
18 0.378125 0.74453125 0.008984375 0.003125
18 0.34296875 0.7046875 0.003125 0.00390625
18 0.3421875 0.69921875 0.00390625 0.00625
18 0.3421875 0.69296875 0.002734375 0.007421875
18 0.4125 0.7515625 0.003125 0.008984375
18 0.39375 0.74921875 0.0109375 0.003125
18 0.4 0.7546875 0.009765625 0.00390625