8 0.5921875 0.7234375 0.05234375 0.0546875
8 0.87109375 0.3484375 0.03125 0.01875
8 0.43515625 0.3421875 0.02734375 0.03125
8 0.4375 0.4515625 0.0328125 0.0375
8 0.41640625 0.415625 0.025 0.03671875
8 0.403125 0.4296875 0.04375 0.04765625
8 0.38359375 0.4 0.02421875 0.03125
8 0.9953125 0.21171875 0.009375 0.01328125
7 0.8015625 0.08984375 0.025 0.0109375
8 0.303125 0.2578125 0.0375 0.0203125
8 0.3140625 0.21875 0.01171875 0.02421875
8 0.43359375 0.13125 0.00859375 0.021875
8 0.47109375 0.05 0.0234375 0.01640625
8 0.53203125 0.0765625 0.01484375 0.01171875
8 0.42734375 0.1296875 0.00859375 0.01953125