18 0.8640625 0.06640625 0.00625 0.015625
18 0.865625 0.0765625 0.00546875 0.008984375
18 0.8484375 0.05625 0.00859375 0.01171875
18 0.84296875 0.053125 0.00625 0.009765625
18 0.83828125 0.05234375 0.00625 0.00625
18 0.83046875 0.04453125 0.00625 0.0078125
18 0.8234375 0.03125 0.00390625 0.006640625
18 0.815625 0.03125 0.00546875 0.008984375
18 0.82265625 0.015625 0.015625 0.009375
18 0.81328125 0.01484375 0.010546875 0.0125
18 0.78515625 0.0046875 0.00703125 0.00859375
18 0.80546875 0.01015625 0.00625 0.004296875
18 0.80625 0.00703125 0.018359375 0.004296875
18 0.8 0.0015625 0.015234375 0.003125
18 0.859375 0.07734375 0.005859375 0.005078125