18 0.715625 0.86171875 0.0109375 0.01953125
18 0.71875 0.81875 0.02421875 0.037109375
18 0.68984375 0.4328125 0.017578125 0.046875
18 0.49375 0.07421875 0.04453125 0.061328125
18 0.578125 0.1046875 0.03125 0.069140625
18 0.79765625 0.75078125 0.03125 0.0875
18 0.74296875 0.78046875 0.026171875 0.063671875
18 0.78515625 0.7046875 0.021875 0.04609375
18 0.74296875 0.6296875 0.028125 0.03359375
18 0.634375 0.02109375 0.027734375 0.0421875
18 0.73203125 0.1125 0.044921875 0.04453125
18 0.67734375 0.0484375 0.0453125 0.06640625
18 0.7203125 0.0546875 0.021875 0.05625
18 0.74296875 0.07734375 0.0359375 0.06015625
18 0.7421875 0.15703125 0.0453125 0.06328125
18 0.7578125 0.20859375 0.040234375 0.058203125
18 0.790625 0.20390625 0.0390625 0.05234375
18 0.7453125 0.44140625 0.0421875 0.0453125
18 0.92265625 0.42734375 0.04921875 0.04375
18 0.9734375 0.4 0.053125 0.0546875
18 0.9859375 0.53984375 0.028125 0.0671875
18 0.9625 0.53046875 0.025390625 0.0421875
18 0.7875 0.42578125 0.025390625 0.038671875
18 0.696875 0.53828125 0.02421875 0.025
18 0.75625 0.53359375 0.0359375 0.05078125
18 0.78203125 0.5296875 0.039453125 0.041015625
18 0.75 0.50859375 0.04296875 0.048046875
18 0.7859375 0.6296875 0.0328125 0.065625