9 0.53203125 0.3328125 0.04453125 0.04921875
9 0.5875 0.37890625 0.041015625 0.048828125
9 0.4578125 0.37421875 0.034375 0.0453125
9 0.29609375 0.44921875 0.0515625 0.066796875
9 0.13515625 0.34921875 0.05078125 0.0671875
9 0.19609375 0.58203125 0.1 0.132421875
9 0.259375 0.553125 0.037109375 0.04296875
9 0.3703125 0.54140625 0.044140625 0.0671875
9 0.54453125 0.88203125 0.0421875 0.073046875
9 0.6390625 0.7984375 0.05234375 0.109375
9 0.834375 0.86015625 0.068359375 0.098828125
8 0.30234375 0.984375 0.039453125 0.03125
8 0.20390625 0.91484375 0.039453125 0.032421875
8 0.17265625 0.8578125 0.023046875 0.030859375
8 0.06015625 0.871875 0.021875 0.053125
8 0.17421875 0.915625 0.025 0.018359375