18 0.559375 0.8921875 0.016015625 0.053515625
18 0.54765625 0.8546875 0.0203125 0.02890625
18 0.52734375 0.8203125 0.0296875 0.02265625
18 0.5484375 0.75859375 0.01640625 0.03359375
18 0.55859375 0.6875 0.0109375 0.0375
18 0.67421875 0.728125 0.01875 0.025
18 0.5265625 0.734375 0.021875 0.028125
18 0.49609375 0.74453125 0.023046875 0.042578125
18 0.43671875 0.7 0.01796875 0.03984375
18 0.440625 0.64453125 0.012109375 0.040625
18 0.46875 0.65859375 0.021875 0.0375
18 0.41796875 0.64296875 0.0109375 0.013671875
18 0.41484375 0.65625 0.01875 0.01171875
18 0.40859375 0.6671875 0.017578125 0.016015625
18 0.38828125 0.6359375 0.0125 0.016015625
18 0.38359375 0.6453125 0.00703125 0.0203125
18 0.3296875 0.64609375 0.012109375 0.023828125
18 0.403125 0.58359375 0.021484375 0.0328125
18 0.39921875 0.5734375 0.0140625 0.018359375
18 0.4 0.55625 0.0125 0.022265625
18 0.36171875 0.565625 0.0203125 0.012890625
18 0.35703125 0.5734375 0.0109375 0.0203125
18 0.35625 0.55703125 0.00703125 0.0171875
18 0.3453125 0.5453125 0.015625 0.00859375
18 0.35078125 0.534375 0.02265625 0.01875
18 0.34296875 0.5234375 0.015625 0.0125
18 0.31171875 0.56875 0.0140625 0.01875
18 0.3109375 0.5796875 0.019140625 0.009375
18 0.315625 0.60390625 0.01796875 0.00625
18 0.31875 0.615625 0.0109375 0.0171875
18 0.36640625 0.4984375 0.011328125 0.028515625
18 0.3421875 0.496875 0.01875 0.012109375
18 0.33984375 0.4828125 0.0140625 0.018359375
18 0.3359375 0.47890625 0.012109375 0.0265625
18 0.36328125 0.45 0.014453125 0.021484375
18 0.41875 0.43828125 0.030859375 0.036328125
18 0.28828125 0.44765625 0.02890625 0.02265625
18 0.2703125 0.484375 0.015625 0.021484375
18 0.2015625 0.45390625 0.0140625 0.0234375
18 0.2765625 0.396875 0.01484375 0.01171875
18 0.271875 0.40234375 0.02421875 0.019921875
18 0.3109375 0.3421875 0.021875 0.009375
18 0.27578125 0.3421875 0.023046875 0.01875
18 0.27421875 0.32890625 0.0171875 0.016796875
18 0.2546875 0.33671875 0.012890625 0.019921875
18 0.23203125 0.35703125 0.01640625 0.01484375
18 0.2234375 0.2890625 0.015625 0.016015625
18 0.21484375 0.2984375 0.013671875 0.016015625
18 0.20703125 0.26015625 0.009375 0.02265625
18 0.20078125 0.26328125 0.010546875 0.017578125
18 0.08125 0.2 0.00625 0.012109375
18 0.01328125 0.17265625 0.008203125 0.011328125
18 0.0515625 0.134375 0.01015625 0.012890625
18 0.0765625 0.12578125 0.009375 0.011328125
18 0.08828125 0.14375 0.00625 0.0125
18 0.11171875 0.14296875 0.0140625 0.013671875
18 0.11015625 0.05 0.0109375 0.00625
18 0.084375 0.040625 0.0140625 0.0078125
18 0.075 0.02421875 0.009765625 0.0109375
18 0.059375 0.0125 0.008984375 0.00703125
18 0.06640625 0.03359375 0.00625 0.0125