18 0.19609375 0.87890625 0.085546875 0.107421875
18 0.22265625 0.8046875 0.034375 0.05390625
18 0.4125 0.884375 0.040234375 0.037890625
18 0.33125 0.5171875 0.019140625 0.034375
18 0.38515625 0.43828125 0.02578125 0.034375
18 0.309375 0.37578125 0.028515625 0.070703125
18 0.2546875 0.5125 0.03125 0.065625
18 0.1765625 0.4109375 0.028125 0.065625
18 0.18828125 0.4875 0.026953125 0.06328125
18 0.17421875 0.47421875 0.029296875 0.0765625
18 0.17734375 0.53359375 0.025 0.014453125
18 0.22109375 0.503125 0.015625 0.027734375
18 0.20859375 0.59453125 0.038671875 0.034375
18 0.1546875 0.6640625 0.01640625 0.04609375
18 0.16640625 0.7875 0.03984375 0.05078125
18 0.20859375 0.6984375 0.0453125 0.047265625
18 0.1765625 0.57421875 0.03984375 0.046875
18 0.15859375 0.55546875 0.017578125 0.0328125
18 0.1734375 0.60078125 0.0140625 0.02578125
18 0.2875 0.35390625 0.01640625 0.028125
18 0.2578125 0.30390625 0.0125 0.021875
18 0.23671875 0.2984375 0.0125 0.018359375
18 0.309375 0.31171875 0.02421875 0.03125
18 0.30703125 0.284375 0.007421875 0.0125
18 0.2875 0.25234375 0.02890625 0.04375
18 0.29765625 0.06875 0.016796875 0.03203125
18 0.28046875 0.07578125 0.011328125 0.017578125
18 0.26875 0.09609375 0.016015625 0.019921875
18 0.2546875 0.1 0.0125 0.025
18 0.26640625 0.10390625 0.009375 0.016796875
18 0.25625 0.040625 0.015234375 0.025390625
18 0.27734375 0.03125 0.0203125 0.027734375
18 0.3015625 0.009375 0.025390625 0.016015625
18 0.353125 0.00703125 0.0234375 0.0140625
18 0.28828125 0.33203125 0.0125 0.009375
18 0.26015625 0.33359375 0.00625 0.010546875
18 0.23828125 0.09765625 0.009375 0.0078125
18 0.21171875 0.103125 0.007421875 0.006640625
18 0.28984375 0.0484375 0.00703125 0.0078125