8 0.39765625 0.90234375 0.026171875 0.020703125
8 0.2671875 0.83125 0.03203125 0.0234375
8 0.275 0.8171875 0.028515625 0.02109375
8 0.28984375 0.78984375 0.0265625 0.01875
8 0.3046875 0.7140625 0.02890625 0.018359375
8 0.228125 0.790625 0.02734375 0.01484375
8 0.12421875 0.665625 0.02890625 0.0140625
8 0.1828125 0.61484375 0.044140625 0.026171875
8 0.17578125 0.484375 0.028125 0.0375
8 0.31015625 0.48828125 0.021875 0.03359375
8 0.47421875 0.56796875 0.030078125 0.015625
8 0.50078125 0.3484375 0.0421875 0.03515625
8 0.65546875 0.703125 0.026953125 0.01328125
8 0.790625 0.39453125 0.033984375 0.0390625
8 0.72578125 0.53671875 0.028125 0.034375
8 0.63203125 0.48984375 0.01640625 0.0390625
8 0.62734375 0.43359375 0.029296875 0.0203125
8 0.16484375 0.4859375 0.029296875 0.037109375
8 0.625 0.45234375 0.02109375 0.03046875