9 0.46015625 0.040625 0.01953125 0.03984375
8 0.36640625 0.08828125 0.009375 0.02734375
9 0.36796875 0.184375 0.03984375 0.06328125
9 0.48125 0.16484375 0.040625 0.0640625
9 0.40390625 0.2296875 0.0296875 0.05546875
9 0.41171875 0.2984375 0.0453125 0.06953125
9 0.44609375 0.29453125 0.046875 0.07265625
9 0.3421875 0.47890625 0.053125 0.07734375
9 0.33828125 0.53671875 0.03125 0.0546875
8 0.2484375 0.653125 0.0203125 0.03359375
9 0.34453125 0.815625 0.03828125 0.08671875
9 0.37734375 0.8078125 0.0453125 0.0859375
8 0.36875 0.87734375 0.0109375 0.0390625
8 0.25 0.63671875 0.0203125 0.04453125