9 0.38984375 0.26640625 0.03125 0.026171875
9 0.1859375 0.18515625 0.034375 0.05
9 0.13359375 0.096875 0.05625 0.05703125
9 0.1109375 0.24296875 0.022265625 0.0296875
9 0.20625 0.22890625 0.0125 0.016796875
9 0.165625 0.46796875 0.031640625 0.044921875
9 0.20859375 0.5296875 0.05703125 0.07734375
8 0.05625 0.57890625 0.0171875 0.01640625
8 0.06171875 0.6 0.00703125 0.02890625
9 0.03125 0.56484375 0.03046875 0.0203125
10 0.01328125 0.58203125 0.0234375 0.0171875
8 0.00625 0.4875 0.0125 0.03125
9 0.0140625 0.425 0.028125 0.0375
8 0.015625 0.6953125 0.025390625 0.027734375
10 0.1921875 0.8671875 0.022265625 0.02734375
8 0.26328125 0.92890625 0.023828125 0.0265625
9 0.20625 0.98671875 0.018359375 0.026171875
9 0.32578125 0.921875 0.0390625 0.040234375
9 0.39453125 0.95625 0.042578125 0.0875
9 0.515625 0.78828125 0.03125 0.030078125
9 0.56796875 0.725 0.036328125 0.062109375
9 0.578125 0.95234375 0.090625 0.0953125
9 0.38203125 0.753125 0.04375 0.053125
9 0.26640625 0.7046875 0.09375 0.118359375
9 0.309375 0.72109375 0.021875 0.036328125
9 0.315625 0.76875 0.03203125 0.05078125