8 0.4296875 0.6421875 0.022265625 0.034375
8 0.39609375 0.61640625 0.0125 0.029296875
8 0.38046875 0.590625 0.0140625 0.028125
8 0.37265625 0.5640625 0.0171875 0.025390625
8 0.36484375 0.5328125 0.0171875 0.03125
8 0.328125 0.6171875 0.019140625 0.03359375
8 0.271875 0.7125 0.01328125 0.0234375
8 0.090625 0.7140625 0.01796875 0.018359375
8 0.06796875 0.3015625 0.01875 0.02578125
8 0.053125 0.2984375 0.021484375 0.0125
8 0.03828125 0.30078125 0.01875 0.01875
8 0.02109375 0.3 0.0171875 0.009375
8 0.01875 0.315625 0.00703125 0.025390625
8 0.19296875 0.33515625 0.0203125 0.016796875
8 0.221875 0.17734375 0.021875 0.01484375
8 0.528125 0.46875 0.02734375 0.015625
8 0.08515625 0.71796875 0.0171875 0.01875