18 0.9015625 0.27734375 0.0453125 0.08671875
18 0.9734375 0.39375 0.053125 0.14765625
18 0.9703125 0.690625 0.04375 0.0546875
18 0.878125 0.5 0.02734375 0.07421875
18 0.83671875 0.3921875 0.04921875 0.090625
18 0.746875 0.4265625 0.06328125 0.08359375
18 0.6921875 0.6515625 0.05234375 0.0671875
18 0.7046875 0.7671875 0.015625 0.0421875
18 0.55 0.65625 0.06796875 0.090625
18 0.525 0.74453125 0.059375 0.08515625
18 0.38515625 0.6390625 0.07578125 0.0765625
18 0.12578125 0.6296875 0.1109375 0.14375