9 0.58671875 0.92578125 0.0328125 0.044921875
9 0.6390625 0.990625 0.037109375 0.018359375
9 0.64375 0.896875 0.015625 0.02109375
9 0.61015625 0.89921875 0.01015625 0.01171875
9 0.425 0.790625 0.03125 0.02578125
9 0.59140625 0.6234375 0.04921875 0.0625
9 0.65703125 0.6671875 0.0296875 0.037109375
9 0.784375 0.7390625 0.030859375 0.025390625
8 0.796875 0.68828125 0.01171875 0.028125
8 0.7890625 0.61796875 0.025 0.023046875
8 0.76953125 0.5953125 0.014453125 0.012109375
8 0.76640625 0.57578125 0.00859375 0.02578125
8 0.815625 0.50703125 0.02421875 0.021875
8 0.86015625 0.43984375 0.013671875 0.0296875
9 0.69609375 0.190625 0.01484375 0.025
10 0.6921875 0.30234375 0.0203125 0.0171875
8 0.6390625 0.2203125 0.024609375 0.01640625
8 0.6984375 0.06015625 0.01875 0.03125
9 0.5671875 0.225 0.037109375 0.031640625
9 0.50546875 0.371875 0.0390625 0.04453125
9 0.3921875 0.3015625 0.030859375 0.02890625
9 0.31328125 0.34453125 0.0328125 0.060546875
9 0.37890625 0.13984375 0.0265625 0.083203125
9 0.34765625 0.13359375 0.05 0.11953125
9 0.4625 0.05234375 0.053515625 0.0875
9 0.50078125 0.04375 0.04375 0.078125
9 0.43984375 0.00859375 0.021875 0.016796875
9 0.5171875 0.190625 0.037890625 0.08125
9 0.609375 0.42109375 0.087890625 0.104296875
9 0.57734375 0.396875 0.021875 0.031640625
9 0.56953125 0.365625 0.02890625 0.0453125