8 0.2609375 0.3640625 0.008984375 0.025
8 0.76484375 0.96640625 0.01484375 0.05078125
8 0.8015625 0.68203125 0.021875 0.0265625
8 0.77421875 0.67109375 0.023046875 0.014453125
8 0.753125 0.67109375 0.01953125 0.020703125
8 0.73125 0.67734375 0.025 0.014453125
8 0.759375 0.571875 0.02578125 0.022265625
8 0.5515625 0.53125 0.012109375 0.025390625
8 0.47421875 0.62109375 0.009375 0.0265625
8 0.80625 0.48046875 0.01875 0.013671875
8 0.728125 0.2625 0.01640625 0.01484375
8 0.48828125 0.34453125 0.011328125 0.015625
8 0.48203125 0.35390625 0.0078125 0.01796875
8 0.4875 0.371875 0.01328125 0.016015625
8 0.490625 0.38671875 0.01171875 0.021875
8 0.49609375 0.40234375 0.016796875 0.014453125
8 0.50234375 0.14921875 0.013671875 0.0203125
8 0.6625 0.1109375 0.019140625 0.0125
8 0.61796875 0.1046875 0.0125 0.00859375
8 0.59296875 0.0703125 0.014453125 0.009765625
8 0.659375 0.1046875 0.016015625 0.00625
8 0.72734375 0.25703125 0.015625 0.013671875
8 0.83828125 0.72109375 0.029296875 0.041796875