8 0.87109375 0.05703125 0.020703125 0.014453125
8 0.5359375 0.1140625 0.01640625 0.01875
8 0.53125 0.13125 0.01171875 0.024609375
8 0.52734375 0.146875 0.014453125 0.01328125
8 0.52265625 0.17578125 0.009375 0.019921875
8 0.51875 0.1625 0.01171875 0.01640625
8 0.75234375 0.28671875 0.011328125 0.021875
8 0.28828125 0.13359375 0.008203125 0.028125
8 0.528125 0.3703125 0.01328125 0.01875
8 0.68984375 0.42578125 0.0125 0.0203125
8 0.65546875 0.42578125 0.0046875 0.014453125
8 0.63203125 0.46015625 0.009375 0.017578125
8 0.55078125 0.58671875 0.011328125 0.01875
8 0.5328125 0.62265625 0.009765625 0.007421875
8 0.534375 0.6296875 0.0109375 0.01484375
8 0.53984375 0.6515625 0.0125 0.009765625
8 0.540625 0.67421875 0.00546875 0.01328125
10 0.5109375 0.65859375 0.0125 0.0078125
8 0.49921875 0.66796875 0.016796875 0.0078125
8 0.484375 0.709375 0.015625 0.00859375
8 0.459375 0.703125 0.008984375 0.015625
8 0.453125 0.6875 0.01015625 0.0078125
8 0.4390625 0.71328125 0.012109375 0.005078125
8 0.43515625 0.70625 0.0109375 0.0109375
8 0.43359375 0.69921875 0.00546875 0.01171875
8 0.41796875 0.7203125 0.010546875 0.00859375
8 0.415625 0.71328125 0.008984375 0.007421875
8 0.43046875 0.74453125 0.0046875 0.0109375
8 0.425 0.73828125 0.00625 0.01171875
8 0.43984375 0.74375 0.008203125 0.015234375
8 0.3796875 0.7890625 0.00859375 0.008984375
8 0.409375 0.80625 0.00546875 0.009765625
10 0.4375 0.8109375 0.016015625 0.015234375
8 0.38359375 0.7828125 0.010546875 0.005859375
8 0.38125 0.7703125 0.0109375 0.00546875
8 0.3875 0.7625 0.015234375 0.00703125
8 0.38046875 0.75703125 0.00625 0.009375
8 0.38515625 0.75078125 0.005078125 0.011328125
8 0.39296875 0.74453125 0.00625 0.0109375
8 0.396875 0.7359375 0.00703125 0.00625
8 0.35859375 0.74140625 0.007421875 0.009375
8 0.35625 0.73515625 0.00859375 0.00859375
8 0.359375 0.721875 0.0078125 0.00625
8 0.36328125 0.71484375 0.00390625 0.0109375
8 0.37109375 0.69921875 0.008203125 0.00625
8 0.2765625 0.80859375 0.01015625 0.00703125
10 0.32734375 0.78984375 0.00625 0.009375
8 0.35 0.8125 0.009375 0.01328125
8 0.3296875 0.834375 0.012109375 0.00703125
8 0.328125 0.86953125 0.009375 0.0078125
10 0.32265625 0.87578125 0.007421875 0.007421875
8 0.309375 0.871875 0.005859375 0.00703125
10 0.29296875 0.86796875 0.00625 0.010546875
8 0.35546875 0.86796875 0.009375 0.0046875
8 0.27265625 0.9 0.008203125 0.006640625
8 0.26640625 0.91875 0.003125 0.006640625
8 0.1109375 0.97734375 0.005859375 0.00625
8 0.165625 0.9578125 0.003125 0.00859375
12 0.1671875 0.99453125 0.003515625 0.007421875
8 0.1859375 0.9953125 0.00859375 0.006640625
8 0.27109375 0.92109375 0.005078125 0.011328125
9 0.2796875 0.9 0.006640625 0.006640625
8 0.32421875 0.87109375 0.00859375 0.00703125
8 0.334375 0.83671875 0.006640625 0.009375
8 0.38515625 0.79140625 0.0109375 0.008203125
8 0.415625 0.790625 0.01328125 0.009375
8 0.5 0.66328125 0.01171875 0.0078125
8 0.5359375 0.61640625 0.015234375 0.009375
8 0.7546875 0.290625 0.0125 0.021484375
8 0.6921875 0.42890625 0.01015625 0.0171875