8 0.5921875 0.2765625 0.052734375 0.05390625
8 0.87109375 0.6515625 0.03125 0.01875
8 0.43515625 0.6578125 0.026953125 0.03125
8 0.4375 0.5484375 0.03203125 0.0375
8 0.41640625 0.584375 0.025 0.037109375
8 0.403125 0.5703125 0.04375 0.047265625
8 0.38359375 0.6 0.023828125 0.03125
8 0.9953125 0.78828125 0.009375 0.013671875
7 0.8015625 0.91015625 0.025 0.0109375
8 0.303125 0.7421875 0.0375 0.02109375
8 0.3140625 0.78125 0.01171875 0.02421875
8 0.43359375 0.86875 0.008203125 0.021875
8 0.47109375 0.95 0.0234375 0.016015625
8 0.53203125 0.9234375 0.014453125 0.012109375
8 0.42734375 0.8703125 0.00859375 0.01953125