18 0.3578125 0.28828125 0.0125 0.00703125
18 0.37265625 0.28203125 0.009375 0.0125
18 0.3859375 0.27109375 0.00546875 0.00546875
18 0.3796875 0.2703125 0.0046875 0.00625
18 0.38671875 0.25390625 0.0078125 0.0046875
18 0.378125 0.25546875 0.00859375 0.003125
18 0.34296875 0.2953125 0.003125 0.00390625
18 0.3421875 0.30078125 0.0046875 0.00625
18 0.3421875 0.30703125 0.00234375 0.00703125
18 0.4125 0.2484375 0.003125 0.00859375
18 0.39375 0.25078125 0.0109375 0.003125
18 0.4 0.2453125 0.01015625 0.0046875