8 0.5703125 0.3578125 0.02265625 0.034375
8 0.60390625 0.38359375 0.0125 0.02890625
8 0.61953125 0.409375 0.0140625 0.028125
8 0.62734375 0.4359375 0.0171875 0.02578125
8 0.63515625 0.4671875 0.0171875 0.03125
8 0.671875 0.3828125 0.01953125 0.0328125
8 0.728125 0.2875 0.01328125 0.0234375
8 0.909375 0.2859375 0.0171875 0.01796875
8 0.93203125 0.6984375 0.01875 0.02578125
8 0.946875 0.7015625 0.02109375 0.0125
8 0.96171875 0.69921875 0.01875 0.01875
8 0.97890625 0.7 0.0171875 0.009375
8 0.98125 0.684375 0.0078125 0.02578125
8 0.80703125 0.66484375 0.0203125 0.01640625
8 0.778125 0.82265625 0.021875 0.01484375
8 0.471875 0.53125 0.02734375 0.015625
8 0.91484375 0.28203125 0.0171875 0.01875