9 0.25078125 0.53984375 0.034375 0.0453125
9 0.18203125 0.40546875 0.021875 0.0375
9 0.159375 0.334375 0.044140625 0.053125
9 0.11328125 0.2609375 0.045703125 0.03515625
9 0.12578125 0.2296875 0.03203125 0.03125
9 0.07890625 0.14765625 0.05 0.0546875
8 0.19140625 0.1296875 0.020703125 0.01484375
8 0.46953125 0.76953125 0.013671875 0.017578125
8 0.246875 0.7796875 0.01171875 0.006640625
10 0.33359375 0.68828125 0.0078125 0.0140625
10 0.43359375 0.76796875 0.013671875 0.013671875
10 0.42109375 0.7890625 0.009375 0.009375
8 0.528125 0.7984375 0.003515625 0.008984375
8 0.540625 0.80859375 0.00703125 0.0078125
8 0.5828125 0.8875 0.009375 0.01171875
8 0.56796875 0.88828125 0.0078125 0.007421875
8 0.55546875 0.91015625 0.009375 0.010546875
8 0.5359375 0.9078125 0.00625 0.005859375
8 0.52734375 0.92109375 0.00625 0.00625
8 0.51171875 0.92578125 0.00625 0.005078125
8 0.48828125 0.96015625 0.0046875 0.00859375
8 0.49375 0.98515625 0.006640625 0.0109375
8 0.50234375 0.92109375 0.009375 0.0046875
8 0.49296875 0.9375 0.00390625 0.009375
8 0.4578125 0.92578125 0.0046875 0.00859375
8 0.45546875 0.9109375 0.0078125 0.00625
8 0.4671875 0.88046875 0.006640625 0.0078125
8 0.46640625 0.86484375 0.009375 0.0109375
8 0.46796875 0.85234375 0.0078125 0.0078125
8 0.4890625 0.82578125 0.003515625 0.009375
8 0.50234375 0.83046875 0.004296875 0.008203125
8 0.4328125 0.9796875 0.003125 0.00859375
8 0.38359375 0.99765625 0.0078125 0.0046875
8 0.525 0.90546875 0.0078125 0.00546875
8 0.42734375 0.97734375 0.007421875 0.0078125
8 0.4296875 0.9796875 0.003515625 0.006640625
8 0.50546875 0.925 0.003125 0.00625
8 0.5265625 0.90703125 0.006640625 0.0078125
8 0.47109375 0.88125 0.00859375 0.00625
8 0.46953125 0.8640625 0.00625 0.00859375
10 0.54609375 0.8078125 0.00859375 0.009375
10 0.103125 0.30390625 0.016015625 0.020703125