18 0.39921875 0.4140625 0.036328125 0.04609375
18 0.3890625 0.3390625 0.03125 0.040234375
18 0.3828125 0.23046875 0.03671875 0.05078125
18 0.3359375 0.20078125 0.018359375 0.026953125
18 0.27421875 0.1140625 0.023046875 0.0125
18 0.29453125 0.1375 0.0140625 0.008984375
18 0.284375 0.1265625 0.01328125 0.016015625
18 0.27890625 0.2375 0.0328125 0.0203125
18 0.36171875 0.2984375 0.01640625 0.0140625
18 0.3390625 0.27890625 0.0109375 0.0140625
18 0.43125 0.4765625 0.016015625 0.01484375
18 0.325 0.2453125 0.01484375 0.01796875
18 0.33203125 0.22578125 0.020703125 0.0140625
18 0.29453125 0.1828125 0.014453125 0.015234375
18 0.2703125 0.1859375 0.00625 0.01015625
18 0.29765625 0.26953125 0.007421875 0.0109375
18 0.3078125 0.25859375 0.012109375 0.0140625
18 0.359375 0.35859375 0.01171875 0.0109375
18 0.3859375 0.38359375 0.01015625 0.0140625