8 0.06328125 0.0703125 0.0328125 0.046484375
8 0.1125 0.24921875 0.03125 0.051171875
8 0.10390625 0.403125 0.044921875 0.05
8 0.08125 0.390625 0.03203125 0.034375
8 0.09140625 0.43359375 0.032421875 0.042578125
8 0.11875 0.4859375 0.04375 0.05
8 0.153125 0.44453125 0.046484375 0.0390625
8 0.165625 0.5171875 0.02734375 0.03359375
8 0.20859375 0.4328125 0.030078125 0.040234375
8 0.21328125 0.546875 0.0359375 0.03125
8 0.25078125 0.51484375 0.021875 0.035546875
8 0.3109375 0.58984375 0.03359375 0.014453125
8 0.371875 0.51171875 0.015625 0.030078125
8 0.7828125 0.459375 0.021484375 0.040625
8 0.5890625 0.62421875 0.021484375 0.015625
8 0.5515625 0.56328125 0.025390625 0.023046875
8 0.4734375 0.58828125 0.02109375 0.03359375
8 0.43046875 0.5828125 0.026171875 0.01640625
8 0.4375 0.61796875 0.03046875 0.033203125
8 0.39609375 0.6 0.026953125 0.012890625
8 0.37890625 0.753125 0.008203125 0.022265625
8 0.47734375 0.7703125 0.025 0.01640625
8 0.48828125 0.8203125 0.0125 0.027734375
8 0.5421875 0.7859375 0.006640625 0.021875
9 0.32109375 0.9234375 0.0140625 0.015234375
8 0.6140625 0.73203125 0.018359375 0.019921875
8 0.7109375 0.72890625 0.02265625 0.02109375
8 0.84609375 0.8078125 0.019921875 0.015625
8 0.64140625 0.90390625 0.013671875 0.019921875
8 0.565625 0.94453125 0.015625 0.013671875
8 0.6578125 0.96015625 0.0109375 0.01875
8 0.6515625 0.98515625 0.01015625 0.016796875
8 0.665625 0.99296875 0.0125 0.013671875
2 0.16015625 0.459375 0.0203125 0.018359375
8 0.11796875 0.4984375 0.0328125 0.031640625
8 0.434375 0.596875 0.03125 0.01875
8 0.596875 0.6421875 0.0109375 0.02109375
8 0.59140625 0.6375 0.009375 0.02421875
8 0.60625 0.7359375 0.009765625 0.02265625
8 0.5359375 0.784375 0.006640625 0.02421875
8 0.46953125 0.77421875 0.020703125 0.014453125