8 0.3625 0.89609375 0.009375 0.0296875
9 0.44375 0.92421875 0.027734375 0.036328125
9 0.465625 0.7921875 0.043359375 0.066015625
9 0.34765625 0.78515625 0.0421875 0.0625
9 0.390625 0.73671875 0.03203125 0.0578125
9 0.390625 0.66015625 0.04453125 0.071875
8 0.24296875 0.32109375 0.021875 0.0328125
8 0.3609375 0.06328125 0.01484375 0.039453125
9 0.3078125 0.47421875 0.05390625 0.076171875
9 0.31953125 0.4078125 0.035546875 0.05625
9 0.340625 0.11875 0.05546875 0.091015625
9 0.30703125 0.11015625 0.0375 0.09375
8 0.2453125 0.3390625 0.021875 0.04375
9 0.42421875 0.66171875 0.0515625 0.076171875