9 0.34140625 0.23125 0.09453125 0.10390625
9 0.44296875 0.4046875 0.0515625 0.07890625
9 0.5984375 0.64296875 0.028125 0.04140625
9 0.6375 0.86875 0.046875 0.0828125
9 0.4234375 0.62890625 0.01640625 0.0234375
9 0.40546875 0.80703125 0.02890625 0.06640625
9 0.36015625 0.715625 0.04140625 0.10078125
9 0.31484375 0.496875 0.0453125 0.075
9 0.28046875 0.5234375 0.040625 0.0609375
9 0.21328125 0.66953125 0.03515625 0.04296875
9 0.11484375 0.7484375 0.04609375 0.046875
8 0.09296875 0.859375 0.01796875 0.053125