8 0.4078125 0.7234375 0.052734375 0.05390625
8 0.12890625 0.3484375 0.03125 0.01875
8 0.56484375 0.3421875 0.02734375 0.03125
8 0.5625 0.4515625 0.0328125 0.0375
8 0.58359375 0.415625 0.025 0.037109375
8 0.596875 0.4296875 0.04375 0.047265625
8 0.61640625 0.4 0.023828125 0.03125
8 0.0046875 0.21171875 0.009375 0.01328125
7 0.1984375 0.08984375 0.025 0.0109375
8 0.696875 0.2578125 0.0375 0.02109375
8 0.6859375 0.21875 0.01171875 0.02421875
8 0.56640625 0.13125 0.008203125 0.021875
8 0.52890625 0.05 0.0234375 0.016015625
8 0.46796875 0.0765625 0.01484375 0.01171875
8 0.57265625 0.1296875 0.008203125 0.019140625