18 0.065625 0.7765625 0.01015625 0.01015625
18 0.065625 0.7546875 0.012109375 0.015625
18 0.0796875 0.753125 0.012890625 0.00625
18 0.07734375 0.7328125 0.0140625 0.009375
18 0.0734375 0.7015625 0.00390625 0.01484375
18 0.196875 0.68828125 0.0125 0.011328125
18 0.17734375 0.67578125 0.009375 0.009375
18 0.1890625 0.653125 0.012890625 0.005859375
18 0.1765625 0.63046875 0.01484375 0.0109375
18 0.265625 0.696875 0.00703125 0.01328125
18 0.2484375 0.615625 0.015234375 0.018359375
18 0.3328125 0.53203125 0.005859375 0.011328125
18 0.33359375 0.4734375 0.010546875 0.01484375
18 0.43125 0.49921875 0.012109375 0.014453125
18 0.26796875 0.46796875 0.013671875 0.005078125
18 0.28046875 0.46484375 0.011328125 0.013671875
18 0.2640625 0.4609375 0.015625 0.01015625
18 0.321875 0.41796875 0.009765625 0.013671875
18 0.303125 0.390625 0.012890625 0.008984375
18 0.3 0.384375 0.016015625 0.01171875
18 0.28203125 0.38359375 0.0140625 0.0125
18 0.34140625 0.31171875 0.020703125 0.023828125
18 0.28515625 0.27890625 0.0046875 0.02578125
18 0.40078125 0.3484375 0.019921875 0.019140625
18 0.4359375 0.3171875 0.015625 0.016015625
18 0.346875 0.284375 0.01328125 0.016015625
18 0.38359375 0.2328125 0.017578125 0.01875
18 0.34453125 0.06484375 0.03359375 0.0421875
18 0.3890625 0.13359375 0.027734375 0.023046875
18 0.478125 0.05078125 0.01953125 0.0390625
18 0.49140625 0.01015625 0.009375 0.0203125
18 0.50390625 0.015625 0.0171875 0.03046875
18 0.5140625 0.07421875 0.01015625 0.03125
18 0.55703125 0.0484375 0.01328125 0.028125
18 0.58125 0.0609375 0.015234375 0.024609375
18 0.496875 0.11171875 0.009765625 0.01875
18 0.5078125 0.1140625 0.01171875 0.0296875
18 0.47890625 0.134375 0.017578125 0.012890625
18 0.49375 0.1625 0.019140625 0.015234375
18 0.51015625 0.15546875 0.013671875 0.0140625
18 0.51953125 0.19609375 0.01875 0.017578125
18 0.56015625 0.2078125 0.015625 0.015625
18 0.6109375 0.21328125 0.015625 0.0140625
18 0.553125 0.2265625 0.006640625 0.016015625
18 0.54140625 0.24375 0.014453125 0.018359375
18 0.528125 0.24765625 0.01953125 0.010546875
18 0.50859375 0.2328125 0.01875 0.012109375
18 0.49140625 0.22421875 0.01796875 0.01015625
18 0.46796875 0.221875 0.01484375 0.01015625
18 0.453125 0.21328125 0.01875 0.020703125
18 0.453125 0.2015625 0.016015625 0.015625
18 0.45625 0.225 0.01171875 0.021875
18 0.4453125 0.24296875 0.0125 0.023046875
18 0.4328125 0.24921875 0.0125 0.0234375
18 0.4265625 0.24375 0.0125 0.021484375
18 0.496875 0.31015625 0.025 0.020703125