9 0.65859375 0.23125 0.094921875 0.103515625
9 0.55703125 0.4046875 0.0515625 0.078515625
9 0.4015625 0.64296875 0.028125 0.041796875
9 0.3625 0.86875 0.046875 0.0828125
9 0.5765625 0.62890625 0.016015625 0.0234375
9 0.59453125 0.80703125 0.02890625 0.06640625
9 0.63984375 0.715625 0.041796875 0.100390625
9 0.68515625 0.496875 0.0453125 0.075
9 0.71953125 0.5234375 0.040625 0.06015625
9 0.78671875 0.66953125 0.03515625 0.04296875
9 0.88515625 0.7484375 0.04609375 0.046875
8 0.90703125 0.859375 0.017578125 0.053125