18 0.22734375 0.02265625 0.075 0.0453125
18 0.1421875 0.0109375 0.02109375 0.01953125
18 0.40078125 0.115625 0.09375 0.10859375
18 0.4421875 0.196875 0.0421875 0.03671875
18 0.37109375 0.16875 0.04296875 0.0546875
18 0.29453125 0.16796875 0.02890625 0.0234375
18 0.3359375 0.2578125 0.02890625 0.02734375
18 0.39375 0.26875 0.0484375 0.0765625
18 0.378125 0.2890625 0.028125 0.065625
18 0.284375 0.27578125 0.01484375 0.03046875
18 0.2734375 0.38125 0.025 0.04921875
18 0.2265625 0.43125 0.02890625 0.03984375
18 0.3484375 0.65 0.02890625 0.04375
18 0.50703125 0.5328125 0.028125 0.05859375
18 0.4453125 0.4109375 0.05703125 0.09296875
18 0.540625 0.66484375 0.04453125 0.090625
18 0.40234375 0.72265625 0.03359375 0.08515625
18 0.46796875 0.81796875 0.08125 0.109375
18 0.45234375 0.84609375 0.0640625 0.08125