8 0.9328125 0.19453125 0.062890625 0.0359375
8 0.671875 0.18828125 0.027734375 0.026171875
8 0.71953125 0.25234375 0.033203125 0.035546875
8 0.6078125 0.25234375 0.0265625 0.04453125
8 0.590625 0.22421875 0.021484375 0.026171875
8 0.634375 0.43359375 0.034765625 0.040625
8 0.57265625 0.37421875 0.036328125 0.036328125
8 0.55078125 0.48359375 0.042578125 0.051171875
8 0.534375 0.4265625 0.030859375 0.037109375
8 0.48828125 0.4296875 0.0375 0.041015625
8 0.4484375 0.3171875 0.03359375 0.04140625
8 0.38359375 0.28515625 0.069921875 0.051953125
8 0.39921875 0.3234375 0.025 0.031640625
8 0.384375 0.35234375 0.03125 0.04609375
8 0.36171875 0.35 0.02890625 0.03125
8 0.18359375 0.38984375 0.044921875 0.055078125
8 0.13203125 0.3015625 0.016796875 0.012890625
8 0.10703125 0.28515625 0.0078125 0.0171875
8 0.33671875 0.184375 0.0171875 0.01015625
7 0.38046875 0.196875 0.009375 0.01328125
8 0.4296875 0.2046875 0.01328125 0.01015625
8 0.44296875 0.19609375 0.00703125 0.009375
8 0.4984375 0.17890625 0.018359375 0.008203125
8 0.1984375 0.3203125 0.00546875 0.015625