18 0.1953125 0.9359375 0.012890625 0.027734375
18 0.06328125 0.996875 0.0046875 0.00625
18 0.2484375 0.84609375 0.00859375 0.017578125
18 0.22109375 0.82890625 0.01875 0.0171875
18 0.19453125 0.72421875 0.013671875 0.019921875
18 0.2671875 0.8546875 0.015234375 0.01484375
18 0.2671875 0.84453125 0.016015625 0.014453125
18 0.27109375 0.84453125 0.0125 0.01328125
18 0.31015625 0.84375 0.015625 0.009765625
18 0.21640625 0.89765625 0.0140625 0.013671875
18 0.20625 0.89296875 0.012890625 0.014453125
18 0.27265625 0.7875 0.017578125 0.006640625
18 0.26953125 0.77734375 0.020703125 0.016796875
18 0.36328125 0.73046875 0.008203125 0.021875
18 0.41953125 0.74296875 0.03125 0.03125
18 0.28515625 0.73046875 0.025 0.021875
18 0.2703125 0.6921875 0.012890625 0.021875
18 0.33359375 0.69375 0.0109375 0.02421875
18 0.340625 0.69375 0.009765625 0.02421875
18 0.34765625 0.6765625 0.0171875 0.012109375
18 0.3640625 0.6765625 0.018359375 0.022265625
18 0.34375 0.65234375 0.012890625 0.020703125
18 0.31328125 0.60703125 0.01484375 0.0234375
18 0.31484375 0.59375 0.01875 0.01953125
18 0.31953125 0.57421875 0.015625 0.01171875
18 0.3234375 0.56171875 0.015234375 0.026171875
18 0.33203125 0.53203125 0.0078125 0.025
18 0.353125 0.63984375 0.021875 0.0203125
18 0.34609375 0.6296875 0.01796875 0.01640625
18 0.353125 0.61875 0.015625 0.019140625
18 0.36328125 0.60859375 0.0171875 0.014453125
18 0.359375 0.60078125 0.015625 0.019921875
18 0.40078125 0.61796875 0.011328125 0.0265625
18 0.40390625 0.6046875 0.0125 0.022265625
18 0.40703125 0.59140625 0.015625 0.03203125
18 0.39296875 0.5375 0.0078125 0.02421875
18 0.3875 0.52890625 0.00859375 0.0171875
18 0.41953125 0.52578125 0.013671875 0.019921875
18 0.41953125 0.5140625 0.0171875 0.021875
18 0.41015625 0.509375 0.019921875 0.015625
18 0.43046875 0.47734375 0.0140625 0.023828125
18 0.440625 0.53359375 0.018359375 0.036328125
18 0.46875 0.515625 0.01328125 0.034765625
18 0.4953125 0.42578125 0.02265625 0.0296875
18 0.67734375 0.03203125 0.032421875 0.03125
18 0.56015625 0.29140625 0.011328125 0.0484375
18 0.5515625 0.31796875 0.0203125 0.02890625
18 0.55234375 0.33046875 0.015625 0.020703125
18 0.53203125 0.3515625 0.0203125 0.034375
18 0.54453125 0.40703125 0.02578125 0.0328125
18 0.528125 0.44140625 0.025 0.03828125
18 0.56015625 0.48515625 0.011328125 0.034375
18 0.67265625 0.446875 0.0171875 0.025