9 0.7359375 0.978125 0.05390625 0.04375
9 0.9625 0.9375 0.062890625 0.077734375
8 0.99453125 0.90234375 0.010546875 0.036328125
9 0.98203125 0.68515625 0.030078125 0.040625
8 0.97109375 0.81015625 0.026171875 0.017578125
8 0.94453125 0.74140625 0.011328125 0.029296875
8 0.9453125 0.71328125 0.018359375 0.011328125
9 0.9 0.72421875 0.034375 0.0546875
9 0.85546875 0.6890625 0.044921875 0.049609375
9 0.88359375 0.62578125 0.061328125 0.071875
9 0.9390625 0.51328125 0.02265625 0.045703125
9 0.93984375 0.2640625 0.0390625 0.0875
9 0.996875 0.2875 0.005859375 0.03828125
9 0.8 0.49296875 0.01875 0.026171875
9 0.56171875 0.5796875 0.0375 0.065625
9 0.63125 0.3828125 0.030859375 0.040234375
9 0.78515625 0.32421875 0.034375 0.0578125
9 0.75390625 0.30546875 0.0546875 0.06953125
9 0.8140625 0.2609375 0.034375 0.0984375
9 0.81015625 0.18984375 0.060546875 0.0875