8 0.28125 0.02890625 0.01328125 0.033203125
8 0.3125 0.38125 0.03125 0.0375
8 0.3109375 0.49296875 0.01796875 0.01953125
8 0.2984375 0.596875 0.01484375 0.009375
8 0.39140625 0.6015625 0.00859375 0.015625
8 0.25078125 0.590625 0.0046875 0.01640625
8 0.37734375 0.46484375 0.034375 0.038671875
8 0.39375 0.44453125 0.03125 0.0390625
8 0.3625 0.428125 0.03125 0.040625
8 0.38125 0.375 0.03125 0.028515625
8 0.35078125 0.28671875 0.0171875 0.034375
8 0.33984375 0.56796875 0.0265625 0.034375
8 0.3640625 0.596875 0.019140625 0.028125
8 0.35859375 0.64765625 0.023828125 0.0375
8 0.38125 0.6546875 0.027734375 0.03984375
8 0.34140625 0.715625 0.0125 0.027734375
8 0.2734375 0.7203125 0.02265625 0.01796875
8 0.42421875 0.78671875 0.015625 0.032421875
8 0.4484375 0.9515625 0.006640625 0.008984375
7 0.496875 0.88671875 0.01015625 0.0078125
8 0.60546875 0.92421875 0.014453125 0.008203125
7 0.57734375 0.92890625 0.009375 0.009375
7 0.5734375 0.93984375 0.00625 0.007421875
8 0.625 0.959375 0.00390625 0.00703125
8 0.61875 0.99375 0.00546875 0.00546875
8 0.6125 0.98359375 0.006640625 0.007421875
8 0.6125 0.97734375 0.006640625 0.00625
8 0.634375 0.9609375 0.00546875 0.006640625
8 0.659375 0.93828125 0.00546875 0.00625
8 0.665625 0.94375 0.00625 0.00625
7 0.671875 0.9421875 0.00625 0.00625
8 0.70390625 0.9921875 0.007421875 0.005859375
8 0.71328125 0.99140625 0.0046875 0.0109375
8 0.30234375 0.490625 0.0125 0.01796875
8 0.61484375 0.99375 0.00234375 0.0078125