8 0.93671875 0.0703125 0.0328125 0.046484375
8 0.8875 0.24921875 0.03125 0.051171875
8 0.89609375 0.403125 0.04453125 0.05
8 0.91875 0.390625 0.031640625 0.034375
8 0.90859375 0.43359375 0.03203125 0.04296875
8 0.88125 0.4859375 0.04375 0.05
8 0.846875 0.44453125 0.04609375 0.0390625
8 0.834375 0.5171875 0.027734375 0.033984375
8 0.79140625 0.4328125 0.030078125 0.040234375
8 0.78671875 0.546875 0.0359375 0.03125
8 0.74921875 0.51484375 0.021875 0.035546875
8 0.6890625 0.58984375 0.03359375 0.014453125
8 0.628125 0.51171875 0.015625 0.030078125
8 0.2171875 0.459375 0.02109375 0.040625
8 0.4109375 0.62421875 0.021484375 0.015625
8 0.4484375 0.56328125 0.025390625 0.023046875
8 0.5265625 0.58828125 0.02109375 0.03359375
8 0.56953125 0.5828125 0.026171875 0.01640625
8 0.5625 0.61796875 0.0296875 0.03359375
8 0.60390625 0.6 0.026953125 0.012890625
8 0.62109375 0.753125 0.008203125 0.022265625
8 0.52265625 0.7703125 0.025 0.01640625
8 0.51171875 0.8203125 0.0125 0.027734375
8 0.4578125 0.7859375 0.006640625 0.021875
9 0.67890625 0.9234375 0.0140625 0.015234375
8 0.3859375 0.73203125 0.018359375 0.019921875
8 0.2890625 0.72890625 0.02265625 0.02109375
8 0.15390625 0.8078125 0.019921875 0.015625
8 0.35859375 0.90390625 0.013671875 0.019921875
8 0.434375 0.94453125 0.015625 0.013671875
8 0.3421875 0.96015625 0.0109375 0.01875
8 0.3484375 0.98515625 0.01015625 0.016796875
8 0.334375 0.99296875 0.0125 0.01328125
2 0.83984375 0.459375 0.0203125 0.01796875
8 0.88203125 0.4984375 0.0328125 0.031640625
8 0.565625 0.596875 0.03125 0.01875
8 0.403125 0.6421875 0.01171875 0.021484375
8 0.40859375 0.6375 0.009375 0.02421875
8 0.39375 0.7359375 0.01015625 0.0234375
8 0.4640625 0.784375 0.00703125 0.0234375
8 0.53046875 0.77421875 0.020703125 0.014453125