18 0.59375 0.1125 0.0375 0.055859375
9 0.4203125 0.05546875 0.028125 0.06171875
9 0.24140625 0.00390625 0.0140625 0.0078125
9 0.165625 0.046875 0.037109375 0.0375
8 0.14921875 0.12421875 0.014453125 0.0390625
9 0.15078125 0.2390625 0.02734375 0.040625
8 0.1328125 0.2453125 0.012890625 0.034765625
8 0.1734375 0.2640625 0.018359375 0.012109375
8 0.16953125 0.2921875 0.0125 0.03125
9 0.26015625 0.259375 0.029296875 0.050390625
8 0.11484375 0.375 0.026953125 0.02421875
8 0.0625 0.46484375 0.016015625 0.0390625
9 0.1734375 0.4515625 0.062109375 0.087890625
9 0.34296875 0.5734375 0.098046875 0.08125
9 0.38359375 0.66328125 0.0203125 0.0421875
9 0.315625 0.696875 0.03203125 0.0453125
9 0.23203125 0.68359375 0.0234375 0.017578125
8 0.27890625 0.79921875 0.026171875 0.0140625
9 0.21640625 0.81875 0.014453125 0.031640625
8 0.20234375 0.965625 0.015625 0.0375
9 0.34375 0.82109375 0.041015625 0.0796875
9 0.3265625 0.8421875 0.028125 0.05859375
9 0.38046875 0.97265625 0.0640625 0.0546875