9 0.46796875 0.3328125 0.04453125 0.04921875
9 0.4125 0.37890625 0.04140625 0.04921875
9 0.5421875 0.37421875 0.034375 0.0453125
9 0.70390625 0.44921875 0.0515625 0.06640625
9 0.86484375 0.34921875 0.05078125 0.0671875
9 0.80390625 0.58203125 0.1 0.13203125
9 0.740625 0.553125 0.03671875 0.0421875
9 0.6296875 0.54140625 0.04453125 0.0671875
9 0.45546875 0.88203125 0.0421875 0.07265625
9 0.3609375 0.7984375 0.0515625 0.109375
9 0.165625 0.86015625 0.06796875 0.09921875
8 0.69765625 0.984375 0.03984375 0.03125
8 0.79609375 0.91484375 0.03984375 0.03203125
8 0.82734375 0.8578125 0.02265625 0.03046875
8 0.93984375 0.871875 0.021875 0.053125
8 0.82578125 0.915625 0.025 0.01796875