17 0.36875 0.228125 0.02421875 0.03671875
17 0.3546875 0.27890625 0.04609375 0.04921875
17 0.33671875 0.296875 0.02421875 0.02421875
17 0.3640625 0.32734375 0.03125 0.025
17 0.3546875 0.3625 0.04921875 0.0359375
17 0.4109375 0.371875 0.01796875 0.05390625
17 0.384375 0.4171875 0.03125 0.084375
17 0.3671875 0.421875 0.01484375 0.05078125
17 0.315625 0.42890625 0.02890625 0.08359375
17 0.346875 0.440625 0.03828125 0.07578125
17 0.38203125 0.4921875 0.03671875 0.06171875
17 0.36328125 0.521875 0.025 0.084375
17 0.396875 0.540625 0.01953125 0.03125
17 0.42734375 0.58671875 0.05 0.040625
17 0.39453125 0.59921875 0.015625 0.0546875
17 0.45703125 0.63671875 0.01640625 0.05625
17 0.49453125 0.65 0.03125 0.03125
17 0.52734375 0.65703125 0.04765625 0.05390625
17 0.4265625 0.6765625 0.0265625 0.0890625
17 0.478125 0.7109375 0.0375 0.0796875