17 0.66953125 0.9453125 0.025 0.0515625
17 0.71953125 0.9828125 0.0328125 0.034375
17 0.6140625 0.98515625 0.03125 0.0296875
17 0.75078125 0.49765625 0.01953125 0.05625
17 0.4171875 0.54453125 0.03203125 0.08046875
17 0.728125 0.57109375 0.02109375 0.03203125
17 0.71484375 0.6046875 0.01875 0.0296875
17 0.55390625 0.6296875 0.04921875 0.0484375
17 0.67890625 0.634375 0.03671875 0.08046875
17 0.703125 0.6609375 0.0453125 0.06875
17 0.57734375 0.703125 0.05234375 0.04296875
17 0.72265625 0.70859375 0.028125 0.04296875
17 0.5078125 0.7203125 0.02734375 0.0890625
17 0.528125 0.73125 0.02734375 0.0859375
17 0.62578125 0.7484375 0.028125 0.04296875
17 0.5609375 0.7828125 0.03125 0.046875
17 0.60234375 0.784375 0.02578125 0.07890625
17 0.546875 0.86640625 0.02265625 0.05703125
17 0.68203125 0.8703125 0.02109375 0.090625
17 0.5890625 0.909375 0.02265625 0.08984375