17 0.56015625 0.44140625 0.021875 0.025
17 0.51328125 0.46796875 0.01875 0.046875
17 0.55390625 0.47890625 0.04375 0.05546875
17 0.44375 0.5421875 0.015625 0.0859375
17 0.509375 0.54296875 0.0484375 0.04375
17 0.534375 0.571875 0.0421875 0.065625
17 0.54921875 0.584375 0.02578125 0.02421875
17 0.50703125 0.6171875 0.04765625 0.05078125
17 0.4640625 0.628125 0.03046875 0.084375
17 0.48203125 0.63125 0.025 0.02421875
17 0.5328125 0.64453125 0.02578125 0.04453125
17 0.5125 0.66953125 0.034375 0.0734375
17 0.54140625 0.6734375 0.021875 0.02890625
17 0.52109375 0.7984375 0.01953125 0.0515625
17 0.5875 0.80703125 0.02421875 0.08984375
17 0.6078125 0.83828125 0.0171875 0.0546875
17 0.63203125 0.8390625 0.02109375 0.04921875
17 0.565625 0.88359375 0.02109375 0.090625
17 0.59765625 0.884375 0.04296875 0.06484375
17 0.66171875 0.8875 0.03671875 0.06953125