17 0.43125 0.63359375 0.021484375 0.03125
17 0.434375 0.59765625 0.02421875 0.0453125
17 0.471875 0.58671875 0.015234375 0.055078125
17 0.4546875 0.546875 0.015625 0.053515625
17 0.471875 0.51328125 0.046484375 0.0515625
17 0.53046875 0.496875 0.017578125 0.084765625
17 0.44140625 0.4890625 0.0390625 0.06796875
17 0.42890625 0.46953125 0.0234375 0.0296875
17 0.4671875 0.44453125 0.049609375 0.048828125
17 0.490625 0.43203125 0.024609375 0.0296875
17 0.51328125 0.43046875 0.035546875 0.079296875
17 0.44921875 0.396875 0.04296875 0.034375
17 0.47578125 0.37890625 0.0328125 0.078125
17 0.43984375 0.371875 0.028125 0.030859375
17 0.45546875 0.2546875 0.021875 0.053515625
17 0.40234375 0.253125 0.030078125 0.078125
17 0.38125 0.2234375 0.01640625 0.0640625
17 0.34296875 0.1984375 0.0234375 0.053515625
17 0.31953125 0.16796875 0.038671875 0.064453125
17 0.4171875 0.165625 0.024609375 0.090625
17 0.378125 0.16171875 0.041015625 0.070703125