17 0.69765625 0.1890625 0.023046875 0.025
17 0.71640625 0.2390625 0.045703125 0.043359375
17 0.734375 0.265625 0.01328125 0.02421875
17 0.7015625 0.28515625 0.01796875 0.0203125
17 0.70859375 0.3234375 0.048046875 0.030859375
17 0.6515625 0.33203125 0.040234375 0.044921875
17 0.6734375 0.36640625 0.02734375 0.080078125
17 0.69375 0.37578125 0.012890625 0.046875
17 0.74921875 0.3890625 0.034375 0.075390625
17 0.7140625 0.3984375 0.040625 0.068359375
17 0.65078125 0.409375 0.015625 0.021875
17 0.67734375 0.44609375 0.01953125 0.03671875
17 0.70078125 0.48125 0.023046875 0.078515625
17 0.66328125 0.49921875 0.019921875 0.039453125
17 0.62890625 0.53125 0.048046875 0.034375
17 0.6671875 0.553125 0.012890625 0.05
17 0.59921875 0.58125 0.0125 0.05078125
17 0.56484375 0.59921875 0.028125 0.029296875
17 0.53125 0.6015625 0.04453125 0.04453125
17 0.63671875 0.6234375 0.026171875 0.07890625
17 0.5765625 0.66640625 0.030859375 0.079296875