17 0.4234375 0.240625 0.0203125 0.03828125
17 0.41015625 0.28984375 0.040625 0.0484375
17 0.3921875 0.30703125 0.025 0.021875
17 0.4171875 0.3390625 0.028125 0.02109375
17 0.41015625 0.375 0.04765625 0.04296875
17 0.465625 0.38671875 0.02109375 0.06484375
17 0.4390625 0.42890625 0.0328125 0.07890625
17 0.3671875 0.43515625 0.0265625 0.08359375
17 0.4203125 0.43671875 0.0140625 0.046875
17 0.39921875 0.453125 0.03828125 0.071875
17 0.4671875 0.45703125 0.01796875 0.0296875
17 0.43984375 0.50546875 0.0375 0.06484375
17 0.41796875 0.5359375 0.02421875 0.08046875
17 0.45703125 0.55625 0.01796875 0.0234375
17 0.490625 0.61015625 0.04921875 0.03359375
17 0.45390625 0.62265625 0.0171875 0.053125
17 0.52265625 0.659375 0.01640625 0.05390625
17 0.5625 0.67265625 0.0296875 0.03203125
17 0.596875 0.68359375 0.0421875 0.05859375
17 0.4890625 0.70625 0.02421875 0.08046875
17 0.54375 0.734375 0.03359375 0.0796875