17 0.734375 0.44765625 0.019140625 0.0765625
17 0.2484375 0.46171875 0.01640625 0.0390625
17 0.3640625 0.49921875 0.015625 0.0640625
17 0.31015625 0.50390625 0.01328125 0.04296875
17 0.5359375 0.521875 0.027734375 0.066015625
17 0.375 0.528125 0.01328125 0.033984375
17 0.3390625 0.55859375 0.02265625 0.029296875
17 0.58984375 0.56015625 0.01875 0.0796875
17 0.471875 0.5765625 0.040234375 0.037890625
17 0.546875 0.59375 0.040234375 0.046875
17 0.40390625 0.60546875 0.009375 0.030078125
17 0.45625 0.67265625 0.03828125 0.04375
17 0.49375 0.68203125 0.01953125 0.03984375
17 0.53828125 0.7140625 0.021875 0.071484375
17 0.41640625 0.73046875 0.0296875 0.064453125
17 0.54609375 0.746875 0.0140625 0.04453125
17 0.4328125 0.79765625 0.01328125 0.04140625
17 0.525 0.90234375 0.03046875 0.065625
17 0.471875 0.90390625 0.031640625 0.060546875
17 0.4203125 0.91328125 0.025390625 0.021875