17 0.646875 0.6140625 0.0234375 0.046875
17 0.41015625 0.559375 0.020703125 0.091015625
17 0.625 0.5265625 0.016015625 0.028125
17 0.63203125 0.4953125 0.015625 0.028125
17 0.51875 0.4765625 0.05078125 0.046875
17 0.60703125 0.46171875 0.020703125 0.061328125
17 0.640625 0.43203125 0.02734375 0.08671875
17 0.65703125 0.4109375 0.015625 0.028515625
17 0.51328125 0.40546875 0.026953125 0.0765625
17 0.48046875 0.36953125 0.033203125 0.083203125
17 0.45859375 0.36640625 0.01875 0.0890625
17 0.56328125 0.34921875 0.015625 0.02421875
17 0.50625 0.33203125 0.030859375 0.039453125
17 0.5453125 0.31484375 0.025390625 0.086328125
17 0.509375 0.225 0.03203125 0.04921875
17 0.6390625 0.19140625 0.0328125 0.090625
17 0.5671875 0.17109375 0.024609375 0.091796875
17 0.6890625 0.13671875 0.03125 0.0296875
17 0.634375 0.1203125 0.018359375 0.06015625
17 0.59921875 0.0984375 0.026171875 0.08984375
17 0.65546875 0.09140625 0.030078125 0.082421875