17 0.43359375 0.43671875 0.028125 0.0203125
17 0.48203125 0.4640625 0.016796875 0.056640625
17 0.4359375 0.471875 0.049609375 0.05
17 0.4828125 0.53671875 0.047265625 0.042578125
17 0.54453125 0.5375 0.0203125 0.091015625
17 0.453125 0.5625 0.043359375 0.059765625
17 0.4359375 0.58125 0.015625 0.02578125
17 0.4796875 0.6125 0.049609375 0.049609375
17 0.528125 0.61953125 0.03828125 0.08515625
17 0.50859375 0.62421875 0.0265625 0.03125
17 0.45546875 0.640625 0.032421875 0.03671875
17 0.4765625 0.66953125 0.034375 0.069921875
17 0.4453125 0.67578125 0.01484375 0.02890625
17 0.46328125 0.79375 0.021875 0.053515625
17 0.39921875 0.80625 0.026953125 0.091015625
17 0.3765625 0.83203125 0.02265625 0.057421875
17 0.34609375 0.85078125 0.02578125 0.04453125
17 0.41875 0.88046875 0.02265625 0.09140625
17 0.3828125 0.8875 0.047265625 0.068359375
17 0.31875 0.9015625 0.03828125 0.074609375