17 0.56015625 0.38359375 0.02265625 0.03984375
17 0.5546875 0.41640625 0.01796875 0.0453125
17 0.51328125 0.43125 0.01328125 0.05703125
17 0.53359375 0.47421875 0.01796875 0.05625
17 0.51953125 0.509375 0.04375 0.059375
17 0.45078125 0.5234375 0.025 0.08671875
17 0.5515625 0.53359375 0.04296875 0.065625
17 0.5640625 0.55 0.02578125 0.0296875
17 0.525 0.56875 0.04765625 0.05
17 0.47578125 0.5828125 0.040625 0.07890625
17 0.4984375 0.58515625 0.02734375 0.0296875
17 0.54375 0.621875 0.03984375 0.0484375
17 0.51796875 0.64140625 0.02890625 0.08671875
17 0.55859375 0.64921875 0.02734375 0.03359375
17 0.5359375 0.75390625 0.03125 0.05078125
17 0.596875 0.7625 0.03671875 0.07890625
17 0.62265625 0.790625 0.021875 0.0515625
17 0.66328125 0.815625 0.02265625 0.053125
17 0.584375 0.8421875 0.021875 0.08828125
17 0.6921875 0.84296875 0.040625 0.075
17 0.62578125 0.8453125 0.040625 0.071875