17 0.334375 0.05390625 0.022265625 0.042578125
17 0.27265625 0.01640625 0.029296875 0.025
17 0.390625 0.01484375 0.021875 0.0296875
17 0.2609375 0.50234375 0.01484375 0.048828125
17 0.5828125 0.471875 0.02265625 0.08125
17 0.28984375 0.3953125 0.01171875 0.03671875
17 0.44921875 0.37578125 0.045703125 0.038671875
17 0.3296875 0.36953125 0.027734375 0.071875
17 0.3015625 0.340625 0.0375 0.06171875
17 0.43203125 0.2984375 0.04375 0.02734375
17 0.49296875 0.2796875 0.025 0.083984375
17 0.4765625 0.26796875 0.02421875 0.0796875
17 0.384375 0.25859375 0.025390625 0.03125
17 0.44453125 0.22109375 0.0234375 0.04375
17 0.40859375 0.21640625 0.023828125 0.079296875
17 0.32265625 0.1328125 0.016796875 0.081640625
17 0.459375 0.13125 0.016015625 0.046875
17 0.41875 0.09140625 0.01796875 0.08125