17 0.61640625 0.9515625 0.034375 0.09296875
17 0.6625 0.96015625 0.028125 0.0796875
17 0.69453125 0.4109375 0.01796875 0.0390625
17 0.41953125 0.465625 0.0359375 0.096875
17 0.66796875 0.534375 0.02265625 0.06015625
17 0.53359375 0.5515625 0.05859375 0.06640625
17 0.64296875 0.57265625 0.02421875 0.096875
17 0.67265625 0.60078125 0.03828125 0.08046875
17 0.53828125 0.6375 0.03984375 0.0859375
17 0.6890625 0.65078125 0.01875 0.06484375
17 0.4828125 0.65703125 0.0296875 0.1015625
17 0.5046875 0.678125 0.03515625 0.08828125
17 0.534375 0.7140625 0.0265625 0.04921875
17 0.57421875 0.72265625 0.03046875 0.096875
17 0.52578125 0.8109375 0.025 0.05390625
17 0.6578125 0.8265625 0.02265625 0.1109375
17 0.584375 0.86484375 0.02578125 0.1
17 0.70546875 0.90859375 0.03359375 0.0390625
17 0.65 0.909375 0.0203125 0.06953125