17 0.5421875 0.33359375 0.019140625 0.036328125
17 0.53828125 0.38671875 0.021875 0.05078125
17 0.5046875 0.39140625 0.012109375 0.048828125
17 0.52421875 0.43515625 0.011328125 0.05
17 0.51484375 0.48046875 0.041796875 0.053125
17 0.5484375 0.49765625 0.03359375 0.06953125
17 0.4515625 0.5140625 0.016015625 0.078515625
17 0.5234375 0.5359375 0.040625 0.05625
17 0.49375 0.55625 0.025390625 0.02578125
17 0.47421875 0.56015625 0.0359375 0.066796875
17 0.5328125 0.59921875 0.03828125 0.053125
17 0.54453125 0.6203125 0.0234375 0.028125
17 0.5046875 0.62109375 0.02109375 0.078125
17 0.5234375 0.72421875 0.02265625 0.0390625
17 0.5765625 0.72578125 0.04140625 0.055078125
17 0.60078125 0.759375 0.01171875 0.0484375
17 0.64296875 0.775 0.025 0.03125
17 0.66953125 0.7984375 0.034375 0.06484375
17 0.56328125 0.81640625 0.016796875 0.0796875
17 0.60703125 0.821875 0.033203125 0.06953125