17 0.6140625 0.9625 0.0375 0.075
17 0.66875 0.96484375 0.03125 0.0703125
17 0.72265625 0.44765625 0.028125 0.03203125
17 0.4296875 0.50078125 0.02421875 0.08671875
17 0.69921875 0.525 0.02890625 0.04296875
17 0.690625 0.559375 0.01796875 0.04609375
17 0.55078125 0.58671875 0.04921875 0.04296875
17 0.6578125 0.5953125 0.01796875 0.08125
17 0.68984375 0.61875 0.03671875 0.07421875
17 0.55234375 0.66171875 0.03828125 0.0546875
17 0.709375 0.66328125 0.02265625 0.0390625
17 0.4984375 0.68671875 0.021875 0.09453125
17 0.515625 0.69921875 0.02734375 0.08515625
17 0.60546875 0.71015625 0.0140625 0.03515625
17 0.5453125 0.7359375 0.02890625 0.0515625
17 0.584375 0.74296875 0.02734375 0.08359375
17 0.53125 0.83046875 0.02265625 0.0453125
17 0.6703125 0.83828125 0.01953125 0.0890625
17 0.58359375 0.87421875 0.01796875 0.08828125
17 0.6578125 0.91015625 0.02421875 0.05
17 0.71796875 0.9234375 0.03046875 0.02578125