17 0.440625 0.58671875 0.024609375 0.0234375
17 0.4453125 0.5484375 0.040234375 0.056640625
17 0.48671875 0.5484375 0.01484375 0.0515625
17 0.46640625 0.50234375 0.011328125 0.041796875
17 0.48515625 0.4703125 0.045703125 0.046484375
17 0.5546875 0.46484375 0.01796875 0.08515625
17 0.45625 0.44375 0.04140625 0.06484375
17 0.440625 0.42734375 0.016015625 0.041796875
17 0.48671875 0.3984375 0.04609375 0.04609375
17 0.53359375 0.38828125 0.032421875 0.080078125
17 0.5140625 0.38125 0.025390625 0.024609375
17 0.4625 0.36015625 0.03515625 0.040625
17 0.48515625 0.3359375 0.032421875 0.075
17 0.45 0.328125 0.0125 0.031640625
17 0.46875 0.21171875 0.02109375 0.05078125
17 0.40546875 0.203125 0.026953125 0.084375
17 0.38359375 0.1703125 0.0203125 0.05
17 0.34765625 0.1546875 0.02265625 0.05390625
17 0.425 0.1234375 0.025 0.087109375
17 0.38828125 0.12265625 0.04140625 0.0640625
17 0.31640625 0.11796875 0.038671875 0.06875