17 0.59296875 0.934375 0.020703125 0.087109375
17 0.68125 0.96953125 0.01953125 0.044921875
17 0.78203125 0.540625 0.0125 0.04453125
17 0.41875 0.56953125 0.03671875 0.071875
17 0.7640625 0.6015625 0.015625 0.034375
17 0.746875 0.63671875 0.012109375 0.025
17 0.7046875 0.6609375 0.031640625 0.059375
17 0.571875 0.6625 0.043359375 0.06328125
17 0.728125 0.69296875 0.041015625 0.0546875
17 0.753125 0.73125 0.0171875 0.03046875
17 0.5984375 0.7359375 0.044140625 0.044140625
17 0.528125 0.74921875 0.018359375 0.0890625
17 0.5453125 0.7640625 0.02109375 0.08515625
17 0.6453125 0.78125 0.012109375 0.033984375
17 0.62109375 0.81640625 0.025 0.080078125
17 0.5796875 0.821875 0.022265625 0.050390625
17 0.696875 0.8890625 0.027734375 0.080859375
17 0.55859375 0.90390625 0.019921875 0.0546875