17 0.43359375 0.56328125 0.028125 0.0203125
17 0.48203125 0.5359375 0.01640625 0.05703125
17 0.4359375 0.528125 0.049609375 0.05
17 0.4828125 0.46328125 0.047265625 0.042578125
17 0.54453125 0.4625 0.0203125 0.091015625
17 0.453125 0.4375 0.043359375 0.059765625
17 0.4359375 0.41875 0.015625 0.02578125
17 0.4796875 0.3875 0.04921875 0.04921875
17 0.528125 0.38046875 0.037890625 0.085546875
17 0.50859375 0.37578125 0.0265625 0.03125
17 0.45546875 0.359375 0.032421875 0.03671875
17 0.4765625 0.33046875 0.034375 0.069921875
17 0.4453125 0.32421875 0.015234375 0.029296875
17 0.46328125 0.20625 0.021875 0.053515625
17 0.39921875 0.19375 0.026953125 0.091015625
17 0.3765625 0.16796875 0.02265625 0.057421875
17 0.34609375 0.14921875 0.026171875 0.044921875
17 0.41875 0.11953125 0.022265625 0.091796875
17 0.3828125 0.1125 0.047265625 0.068359375
17 0.31875 0.0984375 0.03828125 0.074609375