17 0.67578125 0.396875 0.01953125 0.03828125
17 0.4234375 0.45078125 0.02109375 0.084375
17 0.6515625 0.47890625 0.01640625 0.028125
17 0.65390625 0.51171875 0.01171875 0.028125
17 0.53515625 0.53671875 0.04765625 0.04375
17 0.628125 0.55546875 0.02265625 0.06640625
17 0.6609375 0.578125 0.02265625 0.07890625
17 0.671875 0.603125 0.0171875 0.0234375
17 0.53046875 0.61328125 0.01640625 0.08125
17 0.48125 0.640625 0.01875 0.08359375
17 0.49921875 0.64453125 0.03125 0.078125
17 0.58046875 0.6640625 0.01953125 0.021875
17 0.52578125 0.68203125 0.02421875 0.03984375
17 0.5625 0.69609375 0.02265625 0.0765625
17 0.52265625 0.7859375 0.025 0.0453125
17 0.65390625 0.81171875 0.02265625 0.08515625
17 0.5796875 0.8390625 0.01953125 0.08515625
17 0.6984375 0.87109375 0.0296875 0.02421875
17 0.646875 0.884375 0.01484375 0.0515625
17 0.609375 0.9140625 0.021875 0.08671875
17 0.665625 0.9140625 0.0296875 0.0796875