17 0.3390625 0.053125 0.02109375 0.046484375
17 0.28125 0.01328125 0.02734375 0.02578125
17 0.24765625 0.50625 0.015625 0.046875
17 0.5765625 0.459375 0.028515625 0.080859375
17 0.315625 0.37421875 0.030859375 0.06875
17 0.43671875 0.36796875 0.044921875 0.045703125
17 0.29296875 0.3484375 0.038671875 0.062109375
17 0.271875 0.303125 0.025 0.037109375
17 0.4171875 0.29140625 0.04453125 0.03515625
17 0.4765625 0.27109375 0.02109375 0.082421875
17 0.46171875 0.259375 0.0203125 0.08125
17 0.378125 0.2515625 0.018359375 0.03984375
17 0.4 0.209375 0.01953125 0.078515625
17 0.434375 0.20546875 0.021875 0.0453125
17 0.3265625 0.13203125 0.019140625 0.084375
17 0.4546875 0.115625 0.018359375 0.046484375
17 0.41875 0.08203125 0.01875 0.080078125