17 0.30234375 0.1890625 0.02265625 0.025
17 0.28359375 0.2390625 0.04609375 0.04296875
17 0.265625 0.265625 0.0140625 0.0234375
17 0.2984375 0.28515625 0.01796875 0.0203125
17 0.29140625 0.3234375 0.04765625 0.03046875
17 0.3484375 0.33203125 0.03984375 0.04453125
17 0.3265625 0.36640625 0.0265625 0.08046875
17 0.30625 0.37578125 0.01328125 0.046875
17 0.25078125 0.3890625 0.034375 0.07578125
17 0.2859375 0.3984375 0.040625 0.06796875
17 0.34921875 0.409375 0.015625 0.021875
17 0.32265625 0.44609375 0.01953125 0.03671875
17 0.29921875 0.48125 0.02265625 0.07890625
17 0.33671875 0.49921875 0.01953125 0.03984375
17 0.37109375 0.53125 0.04765625 0.034375
17 0.3328125 0.553125 0.01328125 0.05
17 0.40078125 0.58125 0.0125 0.05078125
17 0.43515625 0.59921875 0.028125 0.02890625
17 0.46875 0.6015625 0.04453125 0.04453125
17 0.36328125 0.6234375 0.02578125 0.0796875
17 0.4234375 0.66640625 0.03046875 0.07890625