17 0.4109375 0.93828125 0.02109375 0.094921875
17 0.3234375 0.9765625 0.033984375 0.046875
17 0.240625 0.52890625 0.021875 0.05
17 0.58671875 0.55546875 0.038671875 0.078125
17 0.25859375 0.59296875 0.017578125 0.04375
17 0.27109375 0.63203125 0.020703125 0.05
17 0.4390625 0.653125 0.04609375 0.068359375
17 0.315625 0.65625 0.03828125 0.068359375
17 0.28984375 0.68671875 0.042578125 0.06875
17 0.4140625 0.725 0.04921875 0.05
17 0.2640625 0.7328125 0.0265625 0.046875
17 0.47734375 0.7453125 0.021875 0.096484375
17 0.46171875 0.75546875 0.023828125 0.0890625
17 0.3703125 0.7734375 0.021875 0.05
17 0.43046875 0.815625 0.02421875 0.05703125
17 0.3921875 0.81640625 0.027734375 0.090625
17 0.31171875 0.90078125 0.033203125 0.092578125
17 0.44375 0.9015625 0.024609375 0.062890625