17 0.29609375 0.16328125 0.021875 0.021875
17 0.28046875 0.21328125 0.04921875 0.03984375
17 0.2640625 0.24765625 0.0171875 0.0234375
17 0.29140625 0.26171875 0.01796875 0.01953125
17 0.28515625 0.29921875 0.05078125 0.03515625
17 0.3375 0.30703125 0.03515625 0.0453125
17 0.31640625 0.3359375 0.02734375 0.08359375
17 0.29921875 0.34375 0.01484375 0.05
17 0.2515625 0.36875 0.03359375 0.0765625
17 0.28359375 0.3734375 0.04140625 0.0703125
17 0.33671875 0.38359375 0.01796875 0.021875
17 0.31171875 0.42265625 0.02265625 0.0453125
17 0.290625 0.45859375 0.02421875 0.08046875
17 0.3265625 0.4765625 0.025 0.03203125
17 0.36171875 0.50390625 0.04765625 0.040625
17 0.32578125 0.5265625 0.015625 0.0484375
17 0.38828125 0.55625 0.0140625 0.0515625
17 0.4578125 0.58046875 0.04609375 0.04453125
17 0.421875 0.58125 0.02734375 0.03515625
17 0.35390625 0.596875 0.02890625 0.07890625
17 0.41328125 0.64453125 0.03125 0.08125