17 0.59296875 0.934375 0.02109375 0.08671875
17 0.68125 0.96953125 0.0203125 0.04453125
17 0.78203125 0.540625 0.0125 0.0453125
17 0.41875 0.56953125 0.0359375 0.071875
17 0.7640625 0.6015625 0.015625 0.034375
17 0.746875 0.63671875 0.01171875 0.025
17 0.7046875 0.6609375 0.03203125 0.059375
17 0.571875 0.6625 0.04296875 0.0640625
17 0.728125 0.69296875 0.04140625 0.0546875
17 0.753125 0.73125 0.0171875 0.03046875
17 0.5984375 0.7359375 0.04453125 0.04453125
17 0.528125 0.74921875 0.01796875 0.0890625
17 0.5453125 0.7640625 0.02109375 0.08515625
17 0.6453125 0.78125 0.01171875 0.03359375
17 0.62109375 0.81640625 0.025 0.08046875
17 0.5796875 0.821875 0.02265625 0.05078125
17 0.696875 0.8890625 0.02734375 0.08046875
17 0.55859375 0.90390625 0.01953125 0.0546875