17 0.48125 0.696875 0.022265625 0.03671875
17 0.484375 0.64375 0.024609375 0.05546875
17 0.51796875 0.6359375 0.01484375 0.05
17 0.49765625 0.59453125 0.011328125 0.046875
17 0.5046875 0.55078125 0.044140625 0.055078125
17 0.46796875 0.52890625 0.03125 0.067578125
17 0.56171875 0.52109375 0.016796875 0.083203125
17 0.4921875 0.49609375 0.03984375 0.0640625
17 0.45859375 0.49296875 0.01640625 0.021875
17 0.5171875 0.48125 0.024609375 0.030859375
17 0.53828125 0.48046875 0.03515625 0.07109375
17 0.47890625 0.42578125 0.038671875 0.0546875
17 0.50625 0.40859375 0.021484375 0.079296875
17 0.46796875 0.40234375 0.02109375 0.0359375
17 0.48203125 0.296875 0.0234375 0.040625
17 0.43203125 0.29296875 0.0453125 0.05546875
17 0.40390625 0.25078125 0.013671875 0.05
17 0.3625 0.23828125 0.02734375 0.02890625
17 0.334375 0.21640625 0.03671875 0.06328125
17 0.4390625 0.20234375 0.01796875 0.08203125
17 0.3953125 0.19375 0.034765625 0.06953125