17 0.56640625 0.43671875 0.028125 0.0203125
17 0.51796875 0.4640625 0.01640625 0.05703125
17 0.5640625 0.471875 0.04921875 0.05
17 0.5171875 0.53671875 0.04765625 0.04296875
17 0.45546875 0.5375 0.0203125 0.09140625
17 0.546875 0.5625 0.04296875 0.06015625
17 0.5640625 0.58125 0.015625 0.0265625
17 0.5203125 0.6125 0.04921875 0.04921875
17 0.471875 0.61953125 0.03828125 0.08515625
17 0.49140625 0.62421875 0.0265625 0.03125
17 0.54453125 0.640625 0.03203125 0.0359375
17 0.5234375 0.66953125 0.034375 0.06953125
17 0.5546875 0.67578125 0.01484375 0.02890625
17 0.53671875 0.79375 0.021875 0.05390625
17 0.60078125 0.80625 0.02734375 0.09140625
17 0.6234375 0.83203125 0.0234375 0.05703125
17 0.65390625 0.85078125 0.02578125 0.04453125
17 0.58125 0.88046875 0.02265625 0.09140625
17 0.6171875 0.8875 0.04765625 0.06796875
17 0.68125 0.9015625 0.0390625 0.07421875