17 0.33359375 0.6140625 0.021875 0.043359375
17 0.5828125 0.559375 0.02109375 0.08515625
17 0.471875 0.47265625 0.047265625 0.04375
17 0.3828125 0.45859375 0.01875 0.060546875
17 0.3484375 0.43828125 0.02265625 0.080078125
17 0.4765625 0.40390625 0.022265625 0.082421875
17 0.52890625 0.375 0.019921875 0.08828125
17 0.50859375 0.3734375 0.034375 0.078125
17 0.42578125 0.35 0.014453125 0.037109375
17 0.48203125 0.3359375 0.026953125 0.040625
17 0.44140625 0.31875 0.023828125 0.080859375
17 0.48203125 0.22890625 0.026171875 0.042578125
17 0.35546875 0.19609375 0.025 0.08671875
17 0.421875 0.1734375 0.01953125 0.08515625
17 0.3109375 0.13984375 0.03046875 0.0296875
17 0.3609375 0.12578125 0.01484375 0.054296875
17 0.39375 0.0984375 0.02421875 0.0859375
17 0.3421875 0.09609375 0.028515625 0.0796875