17 0.5515625 0.56171875 0.021875 0.028125
17 0.5015625 0.54375 0.02265625 0.04140625
17 0.54453125 0.52109375 0.042578125 0.046875
17 0.52265625 0.49296875 0.01640625 0.03828125
17 0.4296875 0.4765625 0.019140625 0.087109375
17 0.49609375 0.46171875 0.048046875 0.044921875
17 0.52109375 0.43046875 0.038671875 0.060546875
17 0.53828125 0.41640625 0.026171875 0.026171875
17 0.49375 0.3859375 0.04453125 0.05234375
17 0.45078125 0.37578125 0.028125 0.08671875
17 0.46640625 0.371875 0.026953125 0.02421875
17 0.5234375 0.3609375 0.021875 0.043359375
17 0.5015625 0.3328125 0.033984375 0.065625
17 0.5296875 0.33203125 0.01484375 0.044921875
17 0.51015625 0.20546875 0.01875 0.0484375
17 0.58125 0.19609375 0.027734375 0.08125
17 0.6078125 0.16640625 0.012890625 0.0515625
17 0.63515625 0.16640625 0.023828125 0.040625
17 0.559375 0.13046875 0.021484375 0.084375
17 0.59375 0.125 0.04375 0.055859375
17 0.671875 0.1171875 0.041015625 0.05625