17 0.3421875 0.21640625 0.01796875 0.02578125
17 0.32578125 0.26328125 0.04609375 0.046875
17 0.309375 0.28125 0.0140625 0.03125
17 0.3359375 0.30625 0.021875 0.025
17 0.328125 0.34375 0.0515625 0.03203125
17 0.37890625 0.35 0.0265625 0.03515625
17 0.35625 0.390625 0.02734375 0.0890625
17 0.3390625 0.39375 0.01328125 0.04921875
17 0.28984375 0.40859375 0.03359375 0.08359375
17 0.32109375 0.4171875 0.04140625 0.06953125
17 0.3796875 0.4234375 0.01484375 0.02578125
17 0.3546875 0.4625 0.02734375 0.0359375
17 0.33515625 0.49140625 0.02265625 0.084375
17 0.36796875 0.5125 0.01484375 0.04140625
17 0.3984375 0.54921875 0.0515625 0.034375
17 0.36484375 0.56796875 0.01484375 0.06484375
17 0.42890625 0.59765625 0.01484375 0.0546875
17 0.4625 0.60859375 0.03046875 0.025
17 0.4921875 0.615625 0.0484375 0.04921875
17 0.39375 0.640625 0.025 0.08515625
17 0.4453125 0.6734375 0.0328125 0.078125