17 0.5890625 0.93828125 0.0203125 0.09453125
17 0.6765625 0.9765625 0.03359375 0.046875
17 0.759375 0.52890625 0.021875 0.05
17 0.41328125 0.55546875 0.03828125 0.078125
17 0.74140625 0.59296875 0.01796875 0.04375
17 0.72890625 0.63203125 0.02109375 0.05
17 0.5609375 0.653125 0.0453125 0.06796875
17 0.684375 0.65625 0.0390625 0.06796875
17 0.71015625 0.68671875 0.04296875 0.06875
17 0.5859375 0.725 0.04921875 0.05
17 0.7359375 0.7328125 0.0265625 0.046875
17 0.52265625 0.7453125 0.021875 0.09609375
17 0.53828125 0.75546875 0.02421875 0.0890625
17 0.6296875 0.7734375 0.021875 0.05
17 0.56953125 0.815625 0.02421875 0.05703125
17 0.6078125 0.81640625 0.02734375 0.090625
17 0.68828125 0.90078125 0.03359375 0.09296875
17 0.55625 0.9015625 0.02421875 0.06328125