17 0.53671875 0.3859375 0.01796875 0.03984375
17 0.53125 0.42265625 0.028125 0.03046875
17 0.49140625 0.43515625 0.0109375 0.05
17 0.5125 0.47890625 0.0140625 0.0515625
17 0.50234375 0.51875 0.040625 0.059375
17 0.4390625 0.52890625 0.01875 0.08203125
17 0.53203125 0.540625 0.03671875 0.06328125
17 0.54375 0.5578125 0.02265625 0.025
17 0.509375 0.57421875 0.04375 0.05078125
17 0.46328125 0.59140625 0.034375 0.07109375
17 0.48359375 0.59140625 0.0234375 0.02421875
17 0.525 0.63203125 0.03515625 0.0453125
17 0.5 0.65078125 0.02265625 0.07890625
17 0.53828125 0.65859375 0.02265625 0.0203125
17 0.52109375 0.76640625 0.021875 0.04140625
17 0.57890625 0.77890625 0.03828125 0.06875
17 0.60234375 0.8109375 0.0125 0.05078125
17 0.6453125 0.83203125 0.0234375 0.0390625
17 0.6734375 0.85859375 0.03515625 0.06484375
17 0.56875 0.8640625 0.01796875 0.08125
17 0.60859375 0.86640625 0.03671875 0.06875