17 0.61640625 0.94375 0.02890625 0.08671875
17 0.66640625 0.94921875 0.02578125 0.08828125
17 0.69921875 0.42109375 0.015625 0.03203125
17 0.42265625 0.475 0.025 0.09296875
17 0.675 0.50625 0.01796875 0.040625
17 0.67109375 0.54296875 0.01953125 0.03515625
17 0.54375 0.565625 0.05078125 0.0453125
17 0.64453125 0.58203125 0.0234375 0.0859375
17 0.67421875 0.60078125 0.02734375 0.08125
17 0.540625 0.64453125 0.02734375 0.0859375
17 0.48828125 0.66328125 0.02265625 0.08671875
17 0.50703125 0.67421875 0.03203125 0.084375
17 0.59375 0.6953125 0.01640625 0.0296875
17 0.5375 0.71328125 0.028125 0.04453125
17 0.57578125 0.7234375 0.021875 0.08203125
17 0.5328125 0.8125 0.02578125 0.0453125
17 0.65859375 0.83125 0.02265625 0.08984375
17 0.58828125 0.86640625 0.01953125 0.09140625
17 0.7015625 0.8984375 0.03359375 0.025
17 0.6484375 0.90703125 0.01796875 0.05546875