17 0.27421875 0.95546875 0.03125 0.029296875
17 0.378125 0.97265625 0.034375 0.0546875
17 0.33046875 0.9796875 0.0296875 0.040625
17 0.57734375 0.5140625 0.026171875 0.094140625
17 0.2890625 0.54609375 0.02109375 0.038671875
17 0.44765625 0.59765625 0.0515625 0.0359375
17 0.33046875 0.60546875 0.026171875 0.0796875
17 0.30078125 0.62890625 0.035546875 0.070703125
17 0.43125 0.67265625 0.04609375 0.04140625
17 0.496875 0.6890625 0.02578125 0.0859375
17 0.478125 0.703125 0.027734375 0.087109375
17 0.44296875 0.74921875 0.028125 0.04140625
17 0.40234375 0.75234375 0.0234375 0.084375
17 0.4578125 0.8359375 0.02265625 0.046875
17 0.31875 0.84921875 0.01875 0.088671875
17 0.40859375 0.88203125 0.01875 0.086328125
17 0.33046875 0.92578125 0.023046875 0.046875