17 0.5234375 0.72578125 0.019140625 0.0390625
17 0.51640625 0.66796875 0.041796875 0.028125
17 0.4859375 0.65546875 0.015625 0.038671875
17 0.51171875 0.6125 0.015625 0.030859375
17 0.5046875 0.5734375 0.04609375 0.04921875
17 0.55234375 0.56171875 0.0265625 0.044921875
17 0.44921875 0.52890625 0.01953125 0.084375
17 0.52109375 0.5171875 0.036328125 0.069140625
17 0.50234375 0.50234375 0.02109375 0.04140625
17 0.47890625 0.4953125 0.0359375 0.07109375
17 0.5328125 0.44296875 0.041015625 0.059375
17 0.50546875 0.41953125 0.0265625 0.07890625
17 0.5453125 0.40859375 0.01640625 0.042578125
17 0.57421875 0.33046875 0.051171875 0.0296875
17 0.53515625 0.31875 0.0234375 0.049609375
17 0.5953125 0.290625 0.021875 0.05
17 0.6390625 0.28203125 0.028515625 0.035546875
17 0.671875 0.2640625 0.03828125 0.065625
17 0.565625 0.2390625 0.019140625 0.08515625
17 0.61015625 0.22578125 0.033203125 0.0765625