17 0.70859375 0.39921875 0.01328125 0.025
17 0.6671875 0.403125 0.01796875 0.021875
17 0.27578125 0.40703125 0.02890625 0.075
17 0.66328125 0.43671875 0.01015625 0.04375
17 0.615625 0.4640625 0.02265625 0.06875
17 0.4640625 0.48984375 0.02421875 0.071875
17 0.60546875 0.49921875 0.02109375 0.03671875
17 0.41171875 0.5296875 0.0203125 0.08671875
17 0.51328125 0.5546875 0.04140625 0.03125
17 0.4484375 0.56640625 0.0453125 0.06015625
17 0.57890625 0.584375 0.0125 0.021875
17 0.52578125 0.6484375 0.03359375 0.05625
17 0.49375 0.66328125 0.02109375 0.04375
17 0.45546875 0.703125 0.01328125 0.075
17 0.5671875 0.709375 0.0234375 0.07421875
17 0.4421875 0.73203125 0.01015625 0.046875
17 0.55234375 0.784375 0.01640625 0.04609375
17 0.47578125 0.8890625 0.03359375 0.0703125
17 0.52421875 0.90078125 0.02734375 0.07109375
17 0.56796875 0.90859375 0.02734375 0.03359375