17 0.65703125 0.9453125 0.021875 0.0484375
17 0.71640625 0.959375 0.03515625 0.0265625
17 0.6140625 0.978125 0.025 0.04375
17 0.7109375 0.46796875 0.0265625 0.03125
17 0.42421875 0.51328125 0.02734375 0.0859375
17 0.6921875 0.54921875 0.02734375 0.0390625
17 0.54921875 0.609375 0.04765625 0.034375
17 0.6578125 0.61953125 0.0234375 0.0765625
17 0.68203125 0.64375 0.03359375 0.07890625
17 0.5578125 0.69140625 0.04296875 0.05703125
17 0.69921875 0.6921875 0.015625 0.03046875
17 0.5015625 0.70390625 0.02421875 0.08515625
17 0.51796875 0.72109375 0.02421875 0.0859375
17 0.6109375 0.73359375 0.0125 0.03125
17 0.55 0.76328125 0.02734375 0.04375
17 0.58984375 0.77109375 0.02421875 0.08125
17 0.5359375 0.86015625 0.02734375 0.04453125
17 0.66640625 0.865625 0.01796875 0.0890625
17 0.58828125 0.90859375 0.01875 0.08984375