17 0.6578125 0.78359375 0.018359375 0.026171875
17 0.67421875 0.73671875 0.045703125 0.046875
17 0.690625 0.71875 0.01328125 0.03125
17 0.6640625 0.69375 0.021875 0.025
17 0.671875 0.65625 0.05078125 0.031640625
17 0.62109375 0.65 0.0265625 0.034765625
17 0.64375 0.609375 0.02734375 0.0890625
17 0.6609375 0.60625 0.012890625 0.049609375
17 0.71015625 0.59140625 0.033203125 0.083203125
17 0.67890625 0.5828125 0.041796875 0.069140625
17 0.6203125 0.5765625 0.015234375 0.025390625
17 0.6453125 0.5375 0.027734375 0.03671875
17 0.66484375 0.50859375 0.023046875 0.084375
17 0.63203125 0.4875 0.01484375 0.04140625
17 0.6015625 0.45078125 0.05234375 0.034375
17 0.63515625 0.43203125 0.01484375 0.06484375
17 0.57109375 0.40234375 0.014453125 0.0546875
17 0.5375 0.39140625 0.03046875 0.025
17 0.5078125 0.384375 0.0484375 0.04921875
17 0.60625 0.359375 0.025 0.084765625
17 0.5546875 0.3265625 0.03359375 0.078125