17 0.33515625 0.9265625 0.02578125 0.075
17 0.32109375 0.403125 0.016796875 0.03046875
17 0.57578125 0.46015625 0.021875 0.08125
17 0.34609375 0.4859375 0.0171875 0.024609375
17 0.46484375 0.546875 0.0453125 0.03828125
17 0.36875 0.56484375 0.022265625 0.076171875
17 0.33671875 0.58671875 0.020703125 0.0796875
17 0.328125 0.6140625 0.01796875 0.021484375
17 0.46796875 0.621875 0.01796875 0.07890625
17 0.5203125 0.64609375 0.016015625 0.08125
17 0.49921875 0.6515625 0.029296875 0.078125
17 0.4171875 0.67421875 0.01875 0.021875
17 0.47109375 0.68828125 0.025 0.038671875
17 0.4328125 0.70546875 0.022265625 0.079296875
17 0.4734375 0.790625 0.02265625 0.040625
17 0.3453125 0.81484375 0.02265625 0.08125
17 0.4171875 0.84375 0.01640625 0.083984375
17 0.29921875 0.878125 0.028125 0.021875
17 0.35390625 0.8890625 0.013671875 0.050390625
17 0.3875 0.92265625 0.02265625 0.08046875