17 0.3828125 0.0640625 0.028515625 0.081640625
17 0.325 0.053125 0.027734375 0.08125
17 0.31015625 0.5984375 0.02265625 0.034375
17 0.5765625 0.540625 0.03515625 0.094140625
17 0.3390625 0.5140625 0.02109375 0.04296875
17 0.33828125 0.471875 0.009375 0.031640625
17 0.4609375 0.45390625 0.06015625 0.045703125
17 0.3640625 0.43828125 0.022265625 0.083203125
17 0.33203125 0.41171875 0.017578125 0.080078125
17 0.32265625 0.38203125 0.0171875 0.0359375
17 0.4640625 0.375 0.022265625 0.075390625
17 0.51953125 0.3515625 0.020703125 0.084375
17 0.49765625 0.34140625 0.028125 0.080078125
17 0.41484375 0.32734375 0.02109375 0.034375
17 0.46796875 0.30703125 0.026953125 0.033203125
17 0.43203125 0.2921875 0.0265625 0.078125
17 0.475 0.19921875 0.025390625 0.0390625
17 0.33984375 0.175 0.01875 0.087109375
17 0.4171875 0.146875 0.01953125 0.08359375
17 0.28984375 0.1015625 0.0296875 0.028125
17 0.34609375 0.09609375 0.014453125 0.05625