17 0.39375 0.07265625 0.030859375 0.0734375
17 0.3359375 0.06953125 0.025390625 0.084375
17 0.3015625 0.56875 0.030859375 0.041015625
17 0.5765625 0.51953125 0.028515625 0.0890625
17 0.4609375 0.43046875 0.04765625 0.048828125
17 0.35859375 0.41953125 0.021875 0.091796875
17 0.328125 0.39921875 0.03125 0.0765625
17 0.3140625 0.3609375 0.01640625 0.04609375
17 0.4609375 0.359375 0.030859375 0.075390625
17 0.51484375 0.334375 0.0203125 0.087109375
17 0.49765625 0.3234375 0.026953125 0.083984375
17 0.40859375 0.309375 0.013671875 0.033984375
17 0.4671875 0.29296875 0.027734375 0.042578125
17 0.42890625 0.284375 0.02265625 0.08203125
17 0.47734375 0.19296875 0.023828125 0.042578125
17 0.3421875 0.18671875 0.021484375 0.0859375
17 0.42578125 0.14921875 0.0171875 0.084375
17 0.3546875 0.11640625 0.01640625 0.04609375
17 0.28984375 0.11640625 0.032421875 0.0203125