17 0.5234375 0.27421875 0.01953125 0.0390625
17 0.51640625 0.33203125 0.04140625 0.028125
17 0.4859375 0.34453125 0.015625 0.03828125
17 0.51171875 0.3875 0.015625 0.03046875
17 0.5046875 0.4265625 0.04609375 0.04921875
17 0.55234375 0.43828125 0.0265625 0.04453125
17 0.44921875 0.47109375 0.01953125 0.084375
17 0.52109375 0.4828125 0.03671875 0.06953125
17 0.50234375 0.49765625 0.02109375 0.04140625
17 0.47890625 0.5046875 0.0359375 0.0703125
17 0.5328125 0.55703125 0.04140625 0.059375
17 0.50546875 0.58046875 0.0265625 0.07890625
17 0.5453125 0.59140625 0.0171875 0.04296875
17 0.57421875 0.66953125 0.05078125 0.0296875
17 0.53515625 0.68125 0.0234375 0.04921875
17 0.5953125 0.709375 0.021875 0.05
17 0.6390625 0.71796875 0.02890625 0.03515625
17 0.671875 0.7359375 0.0390625 0.065625
17 0.565625 0.7609375 0.01953125 0.0859375
17 0.61015625 0.77421875 0.03359375 0.0765625