17 0.66640625 0.6140625 0.021875 0.043359375
17 0.4171875 0.559375 0.021484375 0.084765625
17 0.528125 0.47265625 0.047265625 0.04375
17 0.6171875 0.45859375 0.01875 0.060546875
17 0.6515625 0.43828125 0.02265625 0.080078125
17 0.5234375 0.40390625 0.02265625 0.08203125
17 0.47109375 0.375 0.019921875 0.08828125
17 0.49140625 0.3734375 0.034375 0.078125
17 0.57421875 0.35 0.01484375 0.03671875
17 0.51796875 0.3359375 0.026953125 0.040625
17 0.55859375 0.31875 0.023828125 0.080859375
17 0.51796875 0.22890625 0.02578125 0.04296875
17 0.64453125 0.19609375 0.025 0.086328125
17 0.578125 0.1734375 0.01953125 0.08515625
17 0.6890625 0.13984375 0.03046875 0.0296875
17 0.6390625 0.12578125 0.0140625 0.05390625
17 0.60625 0.0984375 0.024609375 0.08515625
17 0.6578125 0.09609375 0.028515625 0.0796875