17 0.29140625 0.39921875 0.013671875 0.025
17 0.3328125 0.403125 0.01796875 0.021875
17 0.72421875 0.40703125 0.02890625 0.075
17 0.33671875 0.43671875 0.010546875 0.04375
17 0.384375 0.4640625 0.022265625 0.06875
17 0.5359375 0.48984375 0.024609375 0.071875
17 0.39453125 0.49921875 0.02109375 0.03671875
17 0.58828125 0.5296875 0.0203125 0.087109375
17 0.48671875 0.5546875 0.04140625 0.03125
17 0.5515625 0.56640625 0.0453125 0.06015625
17 0.42109375 0.584375 0.0125 0.021875
17 0.47421875 0.6484375 0.033203125 0.05625
17 0.50625 0.66328125 0.021484375 0.04375
17 0.54453125 0.703125 0.01328125 0.075
17 0.4328125 0.709375 0.02265625 0.074609375
17 0.5578125 0.73203125 0.009765625 0.046875
17 0.44765625 0.784375 0.016796875 0.046484375
17 0.52421875 0.8890625 0.033203125 0.07109375
17 0.47578125 0.90078125 0.02734375 0.07109375
17 0.43203125 0.90859375 0.026953125 0.033203125