17 0.471875 0.2734375 0.0171875 0.03515625
17 0.47734375 0.32109375 0.021875 0.03359375
17 0.5046875 0.33046875 0.012109375 0.0265625
17 0.4859375 0.365625 0.012890625 0.034375
17 0.4921875 0.40390625 0.04921875 0.05390625
17 0.44921875 0.41953125 0.019921875 0.036328125
17 0.546875 0.4515625 0.01796875 0.08671875
17 0.4765625 0.4609375 0.037890625 0.075390625
17 0.4984375 0.48046875 0.024609375 0.04375
17 0.5203125 0.48359375 0.034765625 0.0765625
17 0.46640625 0.5328125 0.042578125 0.06484375
17 0.4953125 0.55546875 0.02265625 0.085546875
17 0.45390625 0.56796875 0.0171875 0.036328125
17 0.4671875 0.65625 0.028515625 0.046484375
17 0.42421875 0.65625 0.05 0.044140625
17 0.396875 0.6984375 0.016015625 0.055859375
17 0.3578125 0.70625 0.02734375 0.03671875
17 0.3296875 0.72890625 0.03984375 0.0734375
17 0.43125 0.746875 0.019140625 0.093359375
17 0.38671875 0.75703125 0.034375 0.082421875