17 0.43125 0.36640625 0.021484375 0.03125
17 0.434375 0.40234375 0.02421875 0.0453125
17 0.471875 0.41328125 0.015234375 0.055078125
17 0.4546875 0.453125 0.015625 0.053515625
17 0.471875 0.48671875 0.046484375 0.0515625
17 0.53046875 0.503125 0.017578125 0.084765625
17 0.44140625 0.5109375 0.0390625 0.068359375
17 0.42890625 0.53046875 0.0234375 0.0296875
17 0.4671875 0.55546875 0.04921875 0.04921875
17 0.490625 0.56796875 0.02421875 0.0296875
17 0.51328125 0.56953125 0.035546875 0.079296875
17 0.44921875 0.603125 0.042578125 0.034375
17 0.47578125 0.62109375 0.0328125 0.078125
17 0.43984375 0.628125 0.028125 0.030859375
17 0.45546875 0.7453125 0.021875 0.053515625
17 0.40234375 0.746875 0.030078125 0.078125
17 0.38125 0.7765625 0.01640625 0.0640625
17 0.34296875 0.8015625 0.0234375 0.053515625
17 0.31953125 0.83203125 0.038671875 0.064453125
17 0.4171875 0.834375 0.024609375 0.090625
17 0.378125 0.83828125 0.041015625 0.070703125