17 0.43984375 0.55859375 0.021875 0.025
17 0.48671875 0.53203125 0.01875 0.046875
17 0.44609375 0.52109375 0.04375 0.055078125
17 0.55625 0.4578125 0.015625 0.08515625
17 0.490625 0.45703125 0.04921875 0.04375
17 0.465625 0.428125 0.04296875 0.065625
17 0.45078125 0.415625 0.026171875 0.024609375
17 0.49296875 0.3828125 0.048046875 0.050390625
17 0.5359375 0.371875 0.030859375 0.084375
17 0.51796875 0.36875 0.025 0.024609375
17 0.4671875 0.35546875 0.025390625 0.044921875
17 0.4875 0.33046875 0.034375 0.0734375
17 0.45859375 0.3265625 0.021875 0.02890625
17 0.47890625 0.2015625 0.01953125 0.0515625
17 0.4125 0.19296875 0.024609375 0.089453125
17 0.3921875 0.16171875 0.01640625 0.0546875
17 0.36796875 0.1609375 0.020703125 0.049609375
17 0.434375 0.11640625 0.02109375 0.090625
17 0.40234375 0.115625 0.04296875 0.06484375
17 0.33828125 0.1125 0.036328125 0.069140625