17 0.53671875 0.60078125 0.021875 0.04375
17 0.503125 0.590625 0.0125 0.050390625
17 0.52109375 0.5484375 0.011328125 0.05
17 0.5109375 0.50390625 0.040625 0.058203125
17 0.45 0.4859375 0.01796875 0.084375
17 0.53984375 0.48203125 0.033203125 0.06875
17 0.5484375 0.46171875 0.01875 0.0265625
17 0.51875 0.446875 0.04140625 0.0546875
17 0.47578125 0.42578125 0.035546875 0.0703125
17 0.49140625 0.42578125 0.02578125 0.02890625
17 0.5296875 0.38359375 0.037109375 0.0484375
17 0.50546875 0.365625 0.023046875 0.07578125
17 0.54296875 0.359375 0.025 0.021484375
17 0.52734375 0.253125 0.021875 0.04453125
17 0.57734375 0.24453125 0.039453125 0.0640625
17 0.59921875 0.21328125 0.01328125 0.05
17 0.63984375 0.19375 0.025 0.03515625
17 0.665625 0.1671875 0.0328125 0.065625
17 0.56484375 0.159375 0.016796875 0.080859375
17 0.60546875 0.1546875 0.033203125 0.07109375