17 0.30234375 0.8109375 0.023046875 0.025
17 0.28359375 0.7609375 0.045703125 0.043359375
17 0.265625 0.734375 0.01328125 0.02421875
17 0.2984375 0.71484375 0.018359375 0.0203125
17 0.29140625 0.6765625 0.048046875 0.030859375
17 0.3484375 0.66796875 0.040234375 0.044921875
17 0.3265625 0.63359375 0.02734375 0.080078125
17 0.30625 0.62421875 0.01328125 0.046875
17 0.25078125 0.6109375 0.034375 0.075390625
17 0.2859375 0.6015625 0.040625 0.068359375
17 0.34921875 0.590625 0.015625 0.021875
17 0.32265625 0.55390625 0.019921875 0.036328125
17 0.29921875 0.51875 0.023046875 0.078515625
17 0.33671875 0.50078125 0.01953125 0.03984375
17 0.37109375 0.46875 0.048046875 0.034375
17 0.3328125 0.446875 0.01328125 0.05
17 0.40078125 0.41875 0.0125 0.050390625
17 0.43515625 0.40078125 0.028125 0.029296875
17 0.46875 0.3984375 0.04453125 0.04453125
17 0.36328125 0.3765625 0.026171875 0.07890625
17 0.4234375 0.33359375 0.030859375 0.079296875