17 0.509375 0.25703125 0.018359375 0.0265625
17 0.52109375 0.309375 0.039453125 0.04921875
17 0.5421875 0.3265625 0.019140625 0.03125
17 0.5171875 0.3609375 0.02265625 0.02890625
17 0.52421875 0.39453125 0.045703125 0.04375
17 0.4703125 0.403125 0.028515625 0.055859375
17 0.4984375 0.45078125 0.033984375 0.071875
17 0.5703125 0.453125 0.024609375 0.08125
17 0.51640625 0.45546875 0.013671875 0.04375
17 0.47421875 0.46953125 0.015625 0.028125
17 0.5390625 0.471875 0.03828125 0.0703125
17 0.4984375 0.51875 0.03515625 0.06328125
17 0.521875 0.54609375 0.02421875 0.079296875
17 0.4828125 0.56171875 0.01484375 0.023828125
17 0.45 0.62109375 0.047265625 0.030078125
17 0.48828125 0.6296875 0.019921875 0.04765625
17 0.41796875 0.66640625 0.015625 0.048828125
17 0.38046875 0.6796875 0.02734375 0.03515625
17 0.34921875 0.69140625 0.03984375 0.0640625
17 0.4515625 0.7109375 0.02265625 0.08125
17 0.40078125 0.73671875 0.032421875 0.078125