17 0.67265625 0.95546875 0.02734375 0.053125
17 0.75 0.51640625 0.01796875 0.046875
17 0.4265625 0.546875 0.03984375 0.096875
17 0.7203125 0.6203125 0.01640625 0.02578125
17 0.55625 0.62890625 0.04453125 0.06484375
17 0.68203125 0.6453125 0.02578125 0.07578125
17 0.70703125 0.67578125 0.04609375 0.0765625
17 0.584375 0.70703125 0.04609375 0.03125
17 0.72734375 0.7171875 0.03046875 0.046875
17 0.515625 0.71796875 0.02109375 0.09453125
17 0.5328125 0.7328125 0.02265625 0.08828125
17 0.6296875 0.7515625 0.01953125 0.05625
17 0.5671875 0.78828125 0.02890625 0.053125
17 0.6078125 0.7890625 0.02734375 0.08984375
17 0.5484375 0.87421875 0.02578125 0.053125
17 0.68671875 0.87734375 0.03359375 0.10078125
17 0.5890625 0.91171875 0.02265625 0.0890625