17 0.51953125 0.26953125 0.02109375 0.0359375
17 0.51953125 0.32421875 0.02109375 0.0296875
17 0.48828125 0.32890625 0.01328125 0.03984375
17 0.5078125 0.371875 0.01328125 0.0390625
17 0.50234375 0.4171875 0.04453125 0.06015625
17 0.540625 0.43828125 0.02421875 0.06875
17 0.4453125 0.45546875 0.0203125 0.08515625
17 0.515625 0.48046875 0.03671875 0.075
17 0.54453125 0.48203125 0.0171875 0.02578125
17 0.4734375 0.4953125 0.03671875 0.078125
17 0.49296875 0.49609375 0.025 0.0359375
17 0.52265625 0.54921875 0.03984375 0.05625
17 0.5 0.565625 0.021875 0.08125
17 0.5328125 0.57421875 0.0171875 0.021875
17 0.5171875 0.66328125 0.02578125 0.04375
17 0.56328125 0.66640625 0.04609375 0.05078125
17 0.59140625 0.709375 0.01875 0.0515625
17 0.63203125 0.72265625 0.02578125 0.034375
17 0.6609375 0.74453125 0.03671875 0.06875
17 0.5578125 0.7609375 0.0203125 0.08671875
17 0.6015625 0.7734375 0.03359375 0.07578125