17 0.55625 0.3890625 0.0265625 0.0234375
17 0.55 0.42421875 0.03984375 0.053125
17 0.50703125 0.43046875 0.01484375 0.05546875
17 0.528125 0.4734375 0.01328125 0.046875
17 0.51171875 0.50390625 0.04609375 0.05
17 0.4484375 0.50625 0.01796875 0.0859375
17 0.540625 0.52890625 0.03984375 0.06328125
17 0.55546875 0.546875 0.01484375 0.0390625
17 0.51328125 0.56875 0.04609375 0.046875
17 0.47109375 0.5796875 0.03203125 0.078125
17 0.48984375 0.58203125 0.02421875 0.02578125
17 0.53515625 0.61171875 0.034375 0.0359375
17 0.5125 0.63359375 0.03046875 0.0734375
17 0.54765625 0.64140625 0.0171875 0.034375
17 0.52890625 0.7546875 0.0203125 0.04609375
17 0.58984375 0.76015625 0.02890625 0.0796875
17 0.6109375 0.7890625 0.0171875 0.05
17 0.64765625 0.81015625 0.02109375 0.04609375
17 0.609375 0.84296875 0.0390625 0.06484375
17 0.57109375 0.84375 0.01953125 0.08203125
17 0.67578125 0.84609375 0.03359375 0.07109375