17 0.32421875 0.603125 0.01953125 0.03828125
17 0.5765625 0.54921875 0.021484375 0.084375
17 0.3484375 0.52109375 0.016015625 0.028125
17 0.34609375 0.48828125 0.011328125 0.028125
17 0.46484375 0.46328125 0.048046875 0.04375
17 0.371875 0.44453125 0.02265625 0.06640625
17 0.3390625 0.421875 0.022265625 0.078515625
17 0.328125 0.396875 0.01796875 0.02421875
17 0.46953125 0.38671875 0.01640625 0.08125
17 0.51875 0.359375 0.01875 0.083984375
17 0.50078125 0.35546875 0.03125 0.078125
17 0.41953125 0.3359375 0.019921875 0.021875
17 0.47421875 0.31796875 0.02421875 0.03984375
17 0.4375 0.30390625 0.022265625 0.0765625
17 0.47734375 0.2140625 0.025 0.0453125
17 0.34609375 0.18828125 0.023046875 0.085546875
17 0.4203125 0.1609375 0.019140625 0.084765625
17 0.3015625 0.12890625 0.02890625 0.023828125
17 0.353125 0.115625 0.015234375 0.05078125
17 0.390625 0.0859375 0.021875 0.08671875
17 0.334375 0.0859375 0.03046875 0.07890625