17 0.5515625 0.43828125 0.021875 0.028125
17 0.5015625 0.45625 0.02265625 0.04140625
17 0.54453125 0.47890625 0.04296875 0.046875
17 0.52265625 0.50703125 0.01640625 0.03828125
17 0.4296875 0.5234375 0.01953125 0.08671875
17 0.49609375 0.53828125 0.04765625 0.04453125
17 0.52109375 0.56953125 0.03828125 0.06015625
17 0.53828125 0.58359375 0.02578125 0.02578125
17 0.49375 0.6140625 0.0453125 0.0515625
17 0.45078125 0.62421875 0.028125 0.08671875
17 0.46640625 0.628125 0.02734375 0.0234375
17 0.5234375 0.6390625 0.021875 0.04296875
17 0.5015625 0.6671875 0.03359375 0.065625
17 0.5296875 0.66796875 0.0140625 0.04453125
17 0.51015625 0.79453125 0.01875 0.0484375
17 0.58125 0.80390625 0.02734375 0.08125
17 0.6078125 0.83359375 0.01328125 0.0515625
17 0.63515625 0.83359375 0.02421875 0.040625
17 0.559375 0.86953125 0.02109375 0.084375
17 0.59375 0.875 0.04375 0.05546875
17 0.671875 0.8828125 0.04140625 0.05625