17 0.65390625 0.39140625 0.02265625 0.0453125
17 0.41328125 0.45625 0.01953125 0.08359375
17 0.51953125 0.53828125 0.04921875 0.04296875
17 0.6109375 0.54921875 0.0296875 0.0484375
17 0.64140625 0.571875 0.021875 0.078125
17 0.65703125 0.590625 0.01328125 0.01953125
17 0.515625 0.603125 0.02421875 0.075
17 0.484375 0.63359375 0.03359375 0.071875
17 0.4625 0.634375 0.01875 0.08828125
17 0.56328125 0.6609375 0.01484375 0.02421875
17 0.51015625 0.675 0.02734375 0.03515625
17 0.54765625 0.690625 0.02421875 0.078125
17 0.51328125 0.784375 0.02265625 0.04140625
17 0.6375 0.81875 0.02578125 0.08515625
17 0.57265625 0.840625 0.01796875 0.08359375
17 0.68515625 0.86796875 0.028125 0.03203125
17 0.63359375 0.8890625 0.01328125 0.0546875
17 0.60078125 0.90859375 0.02578125 0.0859375
17 0.6546875 0.91328125 0.02890625 0.08203125