17 0.29140625 0.60078125 0.013671875 0.025
17 0.3328125 0.596875 0.018359375 0.021875
17 0.72421875 0.59296875 0.029296875 0.075
17 0.33671875 0.56328125 0.010546875 0.04375
17 0.384375 0.5359375 0.022265625 0.06875
17 0.5359375 0.51015625 0.024609375 0.071875
17 0.39453125 0.50078125 0.020703125 0.036328125
17 0.58828125 0.4703125 0.0203125 0.087109375
17 0.48671875 0.4453125 0.041796875 0.03125
17 0.5515625 0.43359375 0.04609375 0.060546875
17 0.42109375 0.415625 0.0125 0.021875
17 0.47421875 0.3515625 0.03359375 0.05625
17 0.50625 0.33671875 0.021484375 0.04375
17 0.54453125 0.296875 0.013671875 0.075
17 0.4328125 0.290625 0.02265625 0.074609375
17 0.5578125 0.26796875 0.009765625 0.046875
17 0.44765625 0.215625 0.016796875 0.046484375
17 0.52421875 0.1109375 0.03359375 0.0703125
17 0.47578125 0.09921875 0.026953125 0.070703125
17 0.43203125 0.09140625 0.026953125 0.033203125