17 0.4484375 0.56171875 0.021875 0.028125
17 0.4984375 0.54375 0.02265625 0.04140625
17 0.45546875 0.52109375 0.042578125 0.046875
17 0.47734375 0.49296875 0.01640625 0.03828125
17 0.5703125 0.4765625 0.019140625 0.087109375
17 0.50390625 0.46171875 0.04765625 0.04453125
17 0.47890625 0.43046875 0.038671875 0.060546875
17 0.46171875 0.41640625 0.026171875 0.026171875
17 0.50625 0.3859375 0.0453125 0.0515625
17 0.54921875 0.37578125 0.028125 0.086328125
17 0.53359375 0.371875 0.02734375 0.0234375
17 0.4765625 0.3609375 0.021875 0.04296875
17 0.4984375 0.3328125 0.033984375 0.065625
17 0.4703125 0.33203125 0.01484375 0.044921875
17 0.48984375 0.20546875 0.01875 0.0484375
17 0.41875 0.19609375 0.02734375 0.08125
17 0.3921875 0.16640625 0.012890625 0.0515625
17 0.36484375 0.16640625 0.02421875 0.040625
17 0.440625 0.13046875 0.02109375 0.084375
17 0.40625 0.125 0.04375 0.055859375
17 0.328125 0.1171875 0.04140625 0.05625