17 0.490625 0.25703125 0.01796875 0.0265625
17 0.47890625 0.309375 0.03984375 0.0484375
17 0.4578125 0.3265625 0.01953125 0.03125
17 0.4828125 0.3609375 0.02265625 0.02890625
17 0.47578125 0.39453125 0.04609375 0.04375
17 0.5296875 0.403125 0.02890625 0.05546875
17 0.5015625 0.45078125 0.03359375 0.071875
17 0.4296875 0.453125 0.02421875 0.08125
17 0.48359375 0.45546875 0.01328125 0.04375
17 0.52578125 0.46953125 0.015625 0.028125
17 0.4609375 0.471875 0.03828125 0.0703125
17 0.5015625 0.51875 0.0359375 0.0640625
17 0.478125 0.54609375 0.0234375 0.07890625
17 0.5171875 0.56171875 0.0140625 0.02421875
17 0.55 0.62109375 0.04765625 0.03046875
17 0.51171875 0.6296875 0.01953125 0.0484375
17 0.58203125 0.66640625 0.015625 0.04921875
17 0.61953125 0.6796875 0.02734375 0.03515625
17 0.65078125 0.69140625 0.03984375 0.0640625
17 0.5484375 0.7109375 0.0234375 0.08125
17 0.59921875 0.73671875 0.03203125 0.078125