17 0.51953125 0.73046875 0.020703125 0.0359375
17 0.51953125 0.67578125 0.020703125 0.0296875
17 0.48828125 0.67109375 0.013671875 0.039453125
17 0.5078125 0.628125 0.012890625 0.03828125
17 0.50234375 0.5828125 0.044921875 0.059765625
17 0.540625 0.56171875 0.024609375 0.06875
17 0.4453125 0.54453125 0.0203125 0.08515625
17 0.515625 0.51953125 0.03671875 0.075
17 0.54453125 0.51796875 0.0171875 0.026171875
17 0.4734375 0.5046875 0.037109375 0.078125
17 0.49296875 0.50390625 0.025 0.0359375
17 0.52265625 0.45078125 0.03984375 0.05625
17 0.5 0.434375 0.021875 0.08125
17 0.5328125 0.42578125 0.01640625 0.021875
17 0.5171875 0.33671875 0.025390625 0.04375
17 0.56328125 0.33359375 0.045703125 0.051171875
17 0.59140625 0.290625 0.01875 0.05078125
17 0.63203125 0.27734375 0.026171875 0.034375
17 0.6609375 0.25546875 0.037109375 0.06875
17 0.5578125 0.2390625 0.0203125 0.08671875
17 0.6015625 0.2265625 0.03359375 0.07578125