17 0.51875 0.303125 0.02265625 0.0359375
17 0.515625 0.35625 0.02421875 0.0546875
17 0.48203125 0.3640625 0.01484375 0.05
17 0.50234375 0.40546875 0.01171875 0.046875
17 0.4953125 0.44921875 0.04453125 0.05546875
17 0.53203125 0.47109375 0.03125 0.06796875
17 0.43828125 0.47890625 0.01640625 0.08359375
17 0.5078125 0.50390625 0.03984375 0.0640625
17 0.54140625 0.50703125 0.01640625 0.021875
17 0.4828125 0.51875 0.02421875 0.03046875
17 0.46171875 0.51953125 0.03515625 0.07109375
17 0.52109375 0.57421875 0.03828125 0.0546875
17 0.49375 0.59140625 0.02109375 0.07890625
17 0.53203125 0.59765625 0.02109375 0.0359375
17 0.51796875 0.703125 0.0234375 0.040625
17 0.56796875 0.70703125 0.0453125 0.05546875
17 0.59609375 0.74921875 0.01328125 0.05
17 0.6375 0.76171875 0.02734375 0.02890625
17 0.665625 0.78359375 0.03671875 0.06328125
17 0.5609375 0.79765625 0.01796875 0.08203125
17 0.6046875 0.80625 0.03515625 0.0703125