17 0.38359375 0.05625 0.029296875 0.087109375
17 0.33359375 0.05078125 0.026171875 0.088671875
17 0.30078125 0.57890625 0.015625 0.032421875
17 0.57734375 0.525 0.025 0.093359375
17 0.325 0.49375 0.018359375 0.040625
17 0.32890625 0.45703125 0.019921875 0.035546875
17 0.45625 0.434375 0.050390625 0.04453125
17 0.35546875 0.41796875 0.0234375 0.0859375
17 0.32578125 0.39921875 0.026953125 0.08125
17 0.459375 0.35546875 0.027734375 0.0859375
17 0.51171875 0.33671875 0.02265625 0.08671875
17 0.49296875 0.32578125 0.03203125 0.084375
17 0.40625 0.3046875 0.016015625 0.02890625
17 0.4625 0.28671875 0.028125 0.044921875
17 0.42421875 0.2765625 0.021875 0.081640625
17 0.4671875 0.1875 0.025390625 0.04453125
17 0.34140625 0.16875 0.023046875 0.090234375
17 0.41171875 0.13359375 0.01953125 0.09140625
17 0.2984375 0.1015625 0.033984375 0.025
17 0.3515625 0.09296875 0.018359375 0.055078125