17 0.528125 0.2734375 0.01796875 0.034765625
17 0.52265625 0.32109375 0.021875 0.033203125
17 0.4953125 0.33046875 0.012109375 0.0265625
17 0.5140625 0.365625 0.01328125 0.034375
17 0.5078125 0.40390625 0.04921875 0.05390625
17 0.55078125 0.41953125 0.019921875 0.036328125
17 0.453125 0.4515625 0.018359375 0.087109375
17 0.5234375 0.4609375 0.03828125 0.07578125
17 0.5015625 0.48046875 0.02421875 0.04375
17 0.4796875 0.48359375 0.03515625 0.0765625
17 0.53359375 0.5328125 0.042578125 0.06484375
17 0.5046875 0.55546875 0.02265625 0.085546875
17 0.54609375 0.56796875 0.0171875 0.03671875
17 0.5328125 0.65625 0.028515625 0.046484375
17 0.57578125 0.65625 0.05 0.04453125
17 0.603125 0.6984375 0.016015625 0.055859375
17 0.6421875 0.70625 0.027734375 0.037109375
17 0.6703125 0.72890625 0.03984375 0.0734375
17 0.56875 0.746875 0.01953125 0.09296875
17 0.61328125 0.75703125 0.034375 0.082421875