17 0.70390625 0.83671875 0.021875 0.021875
17 0.71953125 0.78671875 0.048828125 0.039453125
17 0.7359375 0.75234375 0.0171875 0.0234375
17 0.70859375 0.73828125 0.017578125 0.019921875
17 0.71484375 0.70078125 0.051171875 0.035546875
17 0.6625 0.69296875 0.034765625 0.0453125
17 0.68359375 0.6640625 0.026953125 0.083984375
17 0.70078125 0.65625 0.01484375 0.05
17 0.7484375 0.63125 0.033984375 0.07578125
17 0.71640625 0.6265625 0.041796875 0.07109375
17 0.66328125 0.61640625 0.01796875 0.021875
17 0.68828125 0.57734375 0.023046875 0.0453125
17 0.709375 0.54140625 0.024609375 0.080078125
17 0.6734375 0.5234375 0.025 0.03203125
17 0.63828125 0.49609375 0.048046875 0.040625
17 0.67421875 0.4734375 0.015625 0.04765625
17 0.61171875 0.44375 0.0140625 0.0515625
17 0.5421875 0.41953125 0.046484375 0.044921875
17 0.578125 0.41875 0.027734375 0.034765625
17 0.64609375 0.403125 0.029296875 0.078515625
17 0.58671875 0.35546875 0.03125 0.08125