17 0.6703125 0.421875 0.01796875 0.021875
17 0.290625 0.4234375 0.02265625 0.075
17 0.721875 0.428125 0.01796875 0.03984375
17 0.665625 0.46171875 0.01015625 0.04296875
17 0.6046875 0.4765625 0.02109375 0.06875
17 0.45859375 0.49453125 0.02421875 0.07578125
17 0.5953125 0.5109375 0.0328125 0.053125
17 0.6375 0.5265625 0.0140625 0.0234375
17 0.41484375 0.5453125 0.0171875 0.0796875
17 0.50234375 0.55546875 0.0375 0.0359375
17 0.44453125 0.57421875 0.03984375 0.0546875
17 0.565625 0.584375 0.0140625 0.01875
17 0.5171875 0.65546875 0.03125 0.05703125
17 0.484375 0.66640625 0.02109375 0.04140625
17 0.44765625 0.7109375 0.01328125 0.07578125
17 0.55625 0.7125 0.0234375 0.07109375
17 0.43671875 0.74453125 0.0109375 0.04296875
17 0.54140625 0.784375 0.015625 0.04375
17 0.46328125 0.89296875 0.02890625 0.06953125
17 0.5078125 0.89609375 0.0265625 0.0609375
17 0.56328125 0.90078125 0.02578125 0.021875