17 0.475 0.06796875 0.034375 0.073828125
17 0.52734375 0.06171875 0.034375 0.065625
17 0.57421875 0.053125 0.028125 0.025
17 0.70078125 0.553125 0.017578125 0.028125
17 0.29453125 0.5359375 0.030078125 0.084765625
17 0.74765625 0.53203125 0.02109375 0.04296875
17 0.6890625 0.49140625 0.022265625 0.03125
17 0.63203125 0.490625 0.016796875 0.078125
17 0.4609375 0.47421875 0.040234375 0.092578125
17 0.621875 0.4609375 0.019140625 0.071875
17 0.6640625 0.43046875 0.024609375 0.033203125
17 0.41484375 0.428125 0.026953125 0.10625
17 0.51796875 0.41640625 0.042578125 0.042578125
17 0.45234375 0.38828125 0.051171875 0.063671875
17 0.58984375 0.38671875 0.019921875 0.040625
17 0.5359375 0.31015625 0.040234375 0.0484375
17 0.49921875 0.303125 0.0203125 0.040234375
17 0.45703125 0.2734375 0.028125 0.093359375
17 0.57890625 0.253125 0.039453125 0.090234375
17 0.44375 0.23125 0.024609375 0.04921875
17 0.5625 0.175 0.021484375 0.046484375