17 0.32734375 0.95546875 0.02734375 0.053125
17 0.25 0.51640625 0.018359375 0.046875
17 0.5734375 0.546875 0.040234375 0.096875
17 0.2796875 0.6203125 0.01640625 0.02578125
17 0.44375 0.62890625 0.044140625 0.064453125
17 0.31796875 0.6453125 0.026171875 0.075390625
17 0.29296875 0.67578125 0.04609375 0.0765625
17 0.415625 0.70703125 0.04609375 0.03125
17 0.27265625 0.7171875 0.030078125 0.046875
17 0.484375 0.71796875 0.021484375 0.094921875
17 0.4671875 0.7328125 0.022265625 0.087890625
17 0.3703125 0.7515625 0.019140625 0.05625
17 0.4328125 0.78828125 0.028515625 0.053125
17 0.3921875 0.7890625 0.027734375 0.090234375
17 0.4515625 0.87421875 0.02578125 0.053125
17 0.31328125 0.87734375 0.033203125 0.101171875
17 0.4109375 0.91171875 0.022265625 0.0890625