17 0.33046875 0.9453125 0.025 0.05234375
17 0.28046875 0.9828125 0.0328125 0.034375
17 0.3859375 0.98515625 0.03125 0.0296875
17 0.24921875 0.49765625 0.01953125 0.05625
17 0.5828125 0.54453125 0.031640625 0.080078125
17 0.271875 0.57109375 0.021484375 0.032421875
17 0.28515625 0.6046875 0.01875 0.02890625
17 0.44609375 0.6296875 0.048828125 0.04765625
17 0.32109375 0.634375 0.036328125 0.080859375
17 0.296875 0.6609375 0.04453125 0.06875
17 0.42265625 0.703125 0.051953125 0.043359375
17 0.27734375 0.70859375 0.028125 0.04296875
17 0.4921875 0.7203125 0.02734375 0.0890625
17 0.471875 0.73125 0.02734375 0.0859375
17 0.37421875 0.7484375 0.028125 0.043359375
17 0.4390625 0.7828125 0.03125 0.046875
17 0.39765625 0.784375 0.026171875 0.078515625
17 0.453125 0.86640625 0.02265625 0.05703125
17 0.31796875 0.8703125 0.020703125 0.090625
17 0.4109375 0.909375 0.022265625 0.090234375