17 0.6171875 0.9359375 0.02890625 0.08203125
17 0.675 0.946875 0.02734375 0.08125
17 0.68984375 0.4015625 0.02265625 0.034375
17 0.4234375 0.459375 0.0359375 0.09453125
17 0.6609375 0.4859375 0.02109375 0.04296875
17 0.66171875 0.528125 0.009375 0.03203125
17 0.5390625 0.54609375 0.0609375 0.04609375
17 0.6359375 0.56171875 0.02265625 0.08359375
17 0.66796875 0.58828125 0.01796875 0.08046875
17 0.67734375 0.61796875 0.0171875 0.0359375
17 0.5359375 0.625 0.02265625 0.07578125
17 0.48046875 0.6484375 0.02109375 0.084375
17 0.50234375 0.65859375 0.028125 0.08046875
17 0.58515625 0.67265625 0.02109375 0.034375
17 0.53203125 0.69296875 0.02734375 0.03359375
17 0.56796875 0.7078125 0.0265625 0.078125
17 0.525 0.80078125 0.02578125 0.0390625
17 0.66015625 0.825 0.01875 0.08671875
17 0.5828125 0.853125 0.01953125 0.08359375
17 0.71015625 0.8984375 0.0296875 0.028125
17 0.65390625 0.90390625 0.01484375 0.05625