17 0.6578125 0.21640625 0.018359375 0.026171875
17 0.67421875 0.26328125 0.045703125 0.046875
17 0.690625 0.28125 0.01328125 0.03125
17 0.6640625 0.30625 0.021875 0.025
17 0.671875 0.34375 0.05078125 0.031640625
17 0.62109375 0.35 0.0265625 0.034765625
17 0.64375 0.390625 0.027734375 0.08828125
17 0.6609375 0.39375 0.012890625 0.049609375
17 0.71015625 0.40859375 0.033203125 0.083203125
17 0.67890625 0.4171875 0.041796875 0.069140625
17 0.6203125 0.4234375 0.015234375 0.025390625
17 0.6453125 0.4625 0.027734375 0.03671875
17 0.66484375 0.49140625 0.023046875 0.084375
17 0.63203125 0.5125 0.014453125 0.041015625
17 0.6015625 0.54921875 0.05234375 0.034375
17 0.63515625 0.56796875 0.014453125 0.064453125
17 0.57109375 0.59765625 0.014453125 0.0546875
17 0.5375 0.60859375 0.03046875 0.025
17 0.5078125 0.615625 0.04765625 0.049609375
17 0.60625 0.640625 0.025 0.08515625
17 0.5546875 0.6734375 0.03359375 0.078125