17 0.56875 0.36640625 0.02109375 0.03125
17 0.565625 0.40234375 0.02421875 0.0453125
17 0.528125 0.41328125 0.01484375 0.05546875
17 0.5453125 0.453125 0.015625 0.05390625
17 0.528125 0.48671875 0.04609375 0.0515625
17 0.46953125 0.503125 0.01796875 0.08515625
17 0.55859375 0.5109375 0.0390625 0.06796875
17 0.57109375 0.53046875 0.0234375 0.0296875
17 0.5328125 0.55546875 0.04921875 0.04921875
17 0.509375 0.56796875 0.02421875 0.0296875
17 0.48671875 0.56953125 0.03515625 0.07890625
17 0.55078125 0.603125 0.04296875 0.034375
17 0.52421875 0.62109375 0.0328125 0.078125
17 0.56015625 0.628125 0.028125 0.03046875
17 0.54453125 0.7453125 0.021875 0.05390625
17 0.59765625 0.746875 0.03046875 0.078125
17 0.61875 0.7765625 0.01640625 0.0640625
17 0.65703125 0.8015625 0.0234375 0.05390625
17 0.68046875 0.83203125 0.03828125 0.06484375
17 0.5828125 0.834375 0.02421875 0.090625
17 0.621875 0.83828125 0.04140625 0.07109375