17 0.646875 0.3859375 0.0234375 0.046875
17 0.41015625 0.440625 0.02109375 0.09140625
17 0.625 0.4734375 0.01640625 0.028125
17 0.63203125 0.5046875 0.015625 0.028125
17 0.51875 0.5234375 0.0515625 0.046875
17 0.60703125 0.53828125 0.02109375 0.06171875
17 0.640625 0.56796875 0.02734375 0.08671875
17 0.65703125 0.5890625 0.015625 0.02890625
17 0.51328125 0.59453125 0.02734375 0.0765625
17 0.48046875 0.63046875 0.03359375 0.08359375
17 0.45859375 0.63359375 0.01875 0.0890625
17 0.56328125 0.65078125 0.015625 0.02421875
17 0.50625 0.66796875 0.03046875 0.03984375
17 0.5453125 0.68515625 0.02578125 0.08671875
17 0.509375 0.775 0.0328125 0.0484375
17 0.6390625 0.80859375 0.0328125 0.090625
17 0.5671875 0.82890625 0.02421875 0.09140625
17 0.6890625 0.86328125 0.03125 0.0296875
17 0.634375 0.8796875 0.01796875 0.0609375
17 0.59921875 0.9015625 0.02578125 0.0890625
17 0.65546875 0.90859375 0.03046875 0.08203125