17 0.44375 0.6109375 0.02578125 0.02265625
17 0.45 0.57578125 0.040234375 0.053125
17 0.49296875 0.56953125 0.014453125 0.055078125
17 0.471875 0.5265625 0.012890625 0.046875
17 0.48828125 0.49609375 0.04609375 0.05
17 0.5515625 0.49375 0.018359375 0.08671875
17 0.459375 0.47109375 0.040234375 0.063671875
17 0.44453125 0.453125 0.01484375 0.0390625
17 0.48671875 0.43125 0.045703125 0.046875
17 0.52890625 0.4203125 0.032421875 0.078125
17 0.51015625 0.41796875 0.023828125 0.026171875
17 0.46484375 0.38828125 0.034375 0.0359375
17 0.4875 0.36640625 0.030859375 0.0734375
17 0.45234375 0.35859375 0.0171875 0.034375
17 0.47109375 0.2453125 0.0203125 0.046484375
17 0.41015625 0.23984375 0.029296875 0.0796875
17 0.3890625 0.2109375 0.01640625 0.05
17 0.35234375 0.18984375 0.020703125 0.045703125
17 0.390625 0.15703125 0.03828125 0.064453125
17 0.42890625 0.15625 0.019921875 0.081640625
17 0.32421875 0.15390625 0.033203125 0.070703125