17 0.66953125 0.0546875 0.025 0.05234375
17 0.71953125 0.0171875 0.0328125 0.034375
17 0.6140625 0.01484375 0.03125 0.0296875
17 0.75078125 0.50234375 0.019921875 0.05625
17 0.4171875 0.45546875 0.031640625 0.080078125
17 0.728125 0.42890625 0.02109375 0.03203125
17 0.71484375 0.3953125 0.01875 0.02890625
17 0.55390625 0.3703125 0.048828125 0.04765625
17 0.67890625 0.365625 0.03671875 0.08046875
17 0.703125 0.3390625 0.04453125 0.06875
17 0.57734375 0.296875 0.051953125 0.043359375
17 0.72265625 0.29140625 0.028125 0.042578125
17 0.5078125 0.2796875 0.027734375 0.08984375
17 0.528125 0.26875 0.027734375 0.08671875
17 0.62578125 0.2515625 0.028125 0.04296875
17 0.5609375 0.2171875 0.03125 0.046875
17 0.60234375 0.215625 0.026171875 0.078515625
17 0.546875 0.13359375 0.022265625 0.057421875
17 0.68203125 0.1296875 0.020703125 0.090625
17 0.5890625 0.090625 0.022265625 0.090234375